area.txt
ncols         436
nrows         156
xllcorner     -120.29571533203
yllcorner     47.130167104972
cellsize      0.000602592593
NODATA_value  -9999
[rows 0 to 72 of 156, columns 192 to 287 of 436]
124 132 134 348 413 47 30 29 27 24 19 15 11 7 3 0 17 11 8 4 0 0 3 7 1 0 0 0 0 0 0 0 0 0 0 0 0 0 0 0 0 0 0 0 0 0 0 394 409 416 417 433 439 458 463 3 23 31 32 60 10 4 19 6 2 23 17 0 7 9 10 12 14 52 6 0 6 19 8 0 1 16 23 0 3 7 0 7 11 15 16 18 26 34 36 37
6 0 212 14 0 1 13 0 1 3 2 2 2 2 2 1 1 1 2 0 1 0 0 0 0 0 0 2 1 1 1 1 1 1 1 1 0 1 1 1 1 2 1 0 375 389 392 13 4 0 14 4 2 14 3 2 18 6 3 11 9 3 6 5 1 1 0 14 6 0 0 0 16 11 0 4 5 2 4 1 0 15 3 0 2 2 2 2 2 2 0 3 2 6 0 2
5 0 210 0 12 0 9 2 0 2 1 1 1 1 1 0 0 0 0 0 0 0 1 0 1 1 1 3 0 4 2 2 2 2 2 0 3 2 2 2 339 349 364 371 5 5 1 12 3 6 6 3 1 13 2 1 17 5 2 10 8 2 5 4 0 0 13 0 4 4 11 15 3 3 2 3 4 1 3 0 10 3 1 0 1 1 1 1 1 1 0 1 1 5 1 4
4 0 203 4 8 2 0 7 1 1 0 0 0 0 0 0 0 0 0 0 0 0 0 2 1 4 0 209 224 235 242 246 252 284 292 294 304 313 327 336 5 5 5 5 4 4 0 11 2 5 5 2 0 12 1 0 16 4 1 9 7 1 4 3 0 8 3 3 3 2 2 2 2 2 1 2 3 0 2 4 4 1 0 0 0 0 0 0 0 0 0 0 2 1 0 3
0 0 201 3 4 2 1 4 1 0 0 0 0 0 1 0 2 1 0 1 1 1 1 164 174 193 201 6 5 4 2 1 24 2 3 4 4 7 1 4 4 4 4 4 3 3 0 9 1 4 4 1 0 10 0 9 5 3 0 8 6 0 3 2 3 2 2 2 2 1 1 1 1 1 0 1 2 1 1 1 2 0 0 0 0 0 0 0 0 0 0 0 0 0 0 1
0 190 4 4 2 3 1 0 3 0 2 4 10 14 16 19 22 29 1 0 2 152 162 5 5 4 6 5 4 3 1 0 23 1 2 3 3 6 0 3 3 3 3 3 2 2 2 5 0 3 3 0 6 2 0 7 4 2 1 5 2 2 2 1 2 1 1 1 1 0 0 0 0 0 0 0 0 0 0 0 0 0 0 0 2 1 1 1 1 1 1 0 0 0 0 0
117 65 4 3 3 1 2 0 2 1 0 3 0 0 0 0 0 0 31 138 144 2 3 4 4 3 5 4 3 2 0 1 20 0 1 2 2 2 2 2 2 2 2 2 1 1 1 1 2 2 2 0 4 1 0 5 3 1 0 4 1 1 1 0 1 0 0 0 0 0 0 0 0 0 0 0 0 0 0 0 0 0 0 2 0 5 0 4 2 2 3 1 0 1 1 0
45 14 3 3 2 2 0 1 1 0 1 0 0 0 0 0 1 78 90 11 4 1 2 3 3 2 4 3 2 1 0 8 4 5 0 1 1 1 1 1 1 1 1 1 0 0 0 0 1 1 1 0 2 0 1 2 2 0 1 1 0 0 0 0 0 0 0 0 0 0 1 1 1 1 1 1 1 1 2 1 1 1 0 1 4 6 0 1 8 7 2 0 1 0 4 1
42 9 3 2 2 1 1 0 0 0 0 0 1 46 61 64 75 5 4 10 3 0 1 2 2 1 3 2 1 0 2 4 3 2 1 0 0 0 0 0 0 0 0 0 0 0 0 0 0 0 0 0 0 0 0 0 0 0 0 0 0 0 0 0 0 1 1 1 1 1 1 2 2 2 2 7 2 0 8 0 2 2 0 1 7 7 1 2 9 11 1 0 2 0 1 7
33 7 8 2 1 1 0 0 2 6 12 32 42 6 4 1 9 4 3 3 5 2 0 1 1 0 2 1 0 1 1 1 2 0 0 0 0 0 0 0 0 0 0 0 0 2 1 1 0 0 0 0 0 0 0 0 0 0 0 0 1 0 1 1 1 1 2 2 2 2 2 2 3 3 3 0 8 12 13 10 3 3 1 2 0 8 8 2 3 22 2 1 3 1 0 2
17 4 1 7 1 0 0 1 2 4 17 3 4 5 3 0 8 3 2 2 2 1 1 0 0 0 0 0 0 0 0 0 0 0 0 0 0 1 2 1 1 1 1 0 1 1 5 3 0 1 1 1 1 1 2 0 0 1 2 1 2 1 2 0 2 2 2 3 3 3 3 3 3 4 8 0 1 0 0 14 30 4 2 3 0 1 9 9 3 4 26 2 4 2 1 3
4 11 3 0 6 0 0 1 3 8 7 2 3 4 2 4 2 2 1 1 1 0 0 0 0 0 0 0 0 0 0 0 0 0 1 2 0 4 3 2 2 2 2 1 0 2 8 4 3 0 0 4 2 5 1 0 0 1 5 2 3 2 0 4 3 0 3 3 4 4 4 4 4 4 5 10 0 2 1 1 0 31 8 4 1 0 2 20 4 0 5 30 5 3 2 4
3 3 6 2 4 0 0 2 3 3 6 1 2 3 1 3 1 1 0 0 0 0 0 0 2 0 1 1 1 2 0 2 1 0 3 3 0 0 6 14 3 3 3 2 0 1 12 9 0 1 0 6 3 6 2 1 1 0 2 9 4 0 4 5 4 1 4 0 4 5 10 0 5 5 5 6 12 3 0 4 1 32 0 14 2 0 1 24 5 1 6 7014 7062 7076 7088 7095
2 2 2 2 1 3 1 2 2 2 2 0 1 2 0 2 0 0 0 0 0 0 1 1 1 4 0 2 4 0 3 4 2 0 5 4 1 0 0 1 21 4 4 0 4 0 2 24 0 2 0 8 4 7 3 2 2 1 0 3 14 6 5 6 5 2 5 0 1 11 11 1 0 6 6 13 0 17 0 6 2 33 1 15 3 1 6895 6926 6997 7002 7013 4 4 8 7 5
1 1 1 1 0 2 0 1 1 1 1 0 0 0 0 0 0 0 0 1 1 1 1 2 2 7 1 0 3 6 4 5 3 0 7 7 1 0 0 0 1 25 36 1 0 6 0 28 4 0 0 1 14 8 4 3 3 2 1 0 0 15 29 7 6 3 6 0 1 2 24 2 1 7 7 0 14 19 1 9 13 6846 6854 6879 6887 6890 1 2 63 1 2 3 3 7 6 4
0 0 0 0 0 0 0 0 0 0 0 0 0 0 0 0 0 1 1 1 2 2 2 5 9 13 24 1 0 4 12 6 4 0 9 10 0 1 1 0 0 0 1 39 43 51 1 0 35 0 1 0 3 24 5 4 4 3 2 1 0 1 0 38 7 4 7 1 0 2 3 28 2 0 16 1 6689 6778 6788 6794 6797 4 3 3 2 1 0 1 62 0 1 2 2 6 5 3
0 0 0 0 0 0 0 0 0 0 0 1 1 1 2 1 1 0 2 2 2 3 3 0 0 0 0 28 1 0 5 13 12 1 0 22 0 2 2 1 0 0 0 0 0 0 53 57 36 3 0 0 0 29 11 0 0 5 7 2 1 2 0 1 47 5 8 2 1 0 7 37 6601 6642 6668 6671 66 0 8 4 1 3 2 2 1 0 0 35 21 3 0 1 1 5 4 2
1 1 1 0 1 1 2 1 0 1 1 1 4 2 0 5 2 1 0 3 6 0 4 4 1 1 1 0 29 3 0 6 21 37 0 25 0 3 3 2 1 0 2 0 1 1 0 0 96 5 0 1 0 31 12 1 0 1 14 3 2 3 1 2 48 6 6511 6519 6528 6537 6555 6559 38 6 0 1 50 14 7 3 0 2 1 1 0 0 4 29 13 6 2 0 0 4 3 1
2 2 2 1 2 2 3 2 1 0 2 2 2 8 1 0 9 2 1 0 4 8 0 5 5 4 2 0 1 34 1 0 0 0 39 1 27 4 4 3 2 0 4 1 2 0 2 1 0 103 1 2 0 33 13 2 1 2 0 15 7 6319 6327 6437 6491 6494 3 5 6 5 10 2 37 1 3 0 49 1 11 6 2 1 0 0 1 2 27 0 2 9 5 1 0 2 2 0
6 0 3 2 3 3 4 3 2 0 1 3 3 12 2 1 10 3 2 1 5 0 10 0 6 11 3 0 1 4 42 1 0 1 0 40 2 33 5 4 3 0 6 2 3 1 3 2 1 104 2 3 1 34 14 0 5 6274 6281 6302 6306 4 11 93 3 1 2 4 5 4 9 1 36 0 1 0 48 0 1 8 5 1 0 0 1 15 9 0 1 3 4 4 0 1 1 1
7 1 4 3 4 0 9 4 0 3 1 2 4 4 16 2 11 4 3 2 6 1 11 1 7 0 12 4 1 0 1 47 1 2 0 1 46 34 6 0 9 1 0 10 4 2 4 0 5986 105 109 6126 6136 6146 6188 6214 6264 1 2 3 2 3 10 92 2 0 1 3 4 3 8 0 15 19 0 0 45 0 0 1 5 4 0 0 1 10 3 4 0 2 3 1 1 0 0 0
0 2 5 4 5 1 0 15 1 0 4 2 3 5 22 3 12 5 4 3 7 2 12 0 2 8 1 18 0 2 0 0 50 0 3 1 0 82 7 0 11 2 1 13 5925 5938 5969 5979 8 6004 6011 8 6 5 4 3 48 0 1 2 1 2 9 88 2 1 0 2 3 2 7 0 13 17 0 0 34 8 3 0 3 0 3 0 6 2 2 2 0 1 1 0 0 0 0 0
1 3 6 5 6 2 0 19 0 0 1 5 3 4 6 27 13 6 0 5 4 11 14 0 0 3 9 2 19 1 3 1 1 52 0 6 8 83 8 1 5857 5896 5903 5910 6 3 22 3 7 7 5 7 5 4 3 2 1 45 0 1 0 1 8 85 1 1 0 1 2 1 6 5 6 8 7 0 13 18 3 2 0 1 2 2 2 1 1 0 0 0 0 0 0 0 1 0
2 4 7 6 7 3 1 20 1 1 0 2 9 14 20 35 14 7 0 1 6 17 15 1 1 4 0 10 3 20 2 4 2 58 0 5701 5720 5739 5840 5854 6 18 2 5 5 2 21 2 6 6 4 6 4 3 2 1 0 42 1 0 0 1 5 65 18 0 0 0 1 0 5 4 5 7 6 0 11 14 2 2 1 0 1 1 1 0 0 0 0 0 0 1 1 1 0 2
3 5 0 23 0 4 0 25 0 2 1 0 0 0 0 21 51 8 1 2 7 0 18 18 2 5 1 0 11 4 21 25 5614 5631 5698 9 7 8 15 3 5 17 1 4 4 1 20 1 5 5 3 5 3 2 1 0 2 25 12 0 0 1 2 25 38 17 10 0 0 0 3 3 4 6 5 0 9 10 2 1 1 0 0 0 0 0 0 1 1 1 1 4 121 128 134 142
4 6 1 0 25 5 1 26 1 3 2 1 0 1 1 1 74 0 11 3 8 0 1 19 19 23 30 33 35 53 5572 5582 3 11 6 8 6 7 14 2 4 16 0 3 3 0 19 0 4 4 2 4 2 1 0 1 9 14 10 0 0 1 2 21 28 8 5 8 3 0 1 2 3 5 4 3 4 4 4 1 0 0 0 0 1 0 2 89 97 104 108 113 3 3 3 2
44 7 2 1 26 6 2 27 2 0 7 2 1 2 2 2 75 1 12 4 9 1 0 2 20 0 0 0 5496 5517 6 1 2 10 5 7 5 6 13 1 3 14 0 2 2 7 9 0 3 3 1 3 1 0 0 8 1 11 8 0 0 1 5 14 24 2 7 4 3 2 0 1 2 4 3 2 3 3 1 1 0 0 0 1 0 67 77 4 4 3 2 3 2 2 2 1
45 8 3 2 27 7 3 32 3 1 10 14 5136 5151 5166 5178 5273 5278 5292 0 16 2 1 0 5454 5462 5474 5480 13 19 5 0 1 9 4 6 4 5 12 0 2 5 7 1 1 6 3 4 2 2 0 2 0 2 7 0 2 7 3 3 0 4 4 8 18 4 1 6 3 2 1 0 1 3 2 1 2 2 0 0 0 0 1 3 63 5 2 3 3 2 1 2 1 1 1 0
4897 4916 4937 4954 4968 5004 5026 5037 5081 5096 5107 5118 10 10 10 2 11 1 53 5350 5355 5377 5385 5428 4 1 8 4 12 2 15 4 0 8 3 5 3 4 4 6 1 4 6 0 0 5 2 3 1 0 0 1 1 1 1 1 3 2 2 2 3 3 3 3 13 3 3 0 5 2 1 0 0 2 1 0 1 1 0 1 2 4 36 52 3 4 1 2 2 1 0 1 0 0 0 0
6 17 10 11 9 6 12 9 9 9 9 9 9 9 9 1 10 0 52 2 3 3 1 41 3 0 7 3 11 1 14 2 0 7 2 4 2 3 3 5 0 3 2 2 1 2 1 1 0 0 0 0 0 0 0 0 1 1 1 1 2 2 2 2 3 8 2 2 2 1 1 0 0 0 0 0 0 0 1 2 3 29 10 3 2 3 0 1 1 0 0 0 0 0 0 0
5 16 9 10 8 5 11 8 8 8 8 8 8 8 8 0 9 18 32 1 2 2 0 20 19 2 6 2 10 0 12 0 1 6 1 3 1 2 2 1 2 2 1 1 0 1 0 0 0 0 0 0 0 0 1 0 0 0 0 0 1 1 1 1 2 2 4 1 1 1 0 0 0 0 0 1 2 3 4 5 24 3 5 2 1 0 1 0 0 0 1 0 1 3 1 3
4 15 8 9 7 4 10 7 7 7 7 7 7 7 7 8 0 16 31 0 1 1 0 18 18 1 5 1 4 4 4 6 0 5 0 2 0 1 1 0 1 1 0 0 0 0 0 0 0 1 1 168 173 174 0 181 0 0 0 0 0 0 0 0 1 1 2 0 0 0 0 0 1 0 1 2 4 6 8 14 2 2 1 2 1 0 0 1 2 3 4 7 1 2 28 33
3 14 7 8 6 3 9 6 6 6 6 6 6 6 6 7 2 12 28 1 0 0 4 12 17 0 4 0 3 3 3 2 2 2 1 0 0 0 0 0 0 0 0 0 0 0 1 3 153 161 163 1 0 0 176 0 183 5 1 0 0 0 0 0 0 0 0 0 0 0 0 1 2 1 0 0 0 0 2 1 1 1 0 0 0 0 0 0 1 2 3 7 18 20 1 1
2 13 6 7 5 2 8 5 5 5 5 5 5 5 5 6 1 11 19 7 0 1 1 11 14 1 2 0 2 2 2 1 1 0 0 0 0 0 0 0 0 0 1 130 137 142 145 147 1 1 0 0 0 1 2 3 4 195 1 1 0 1 1 1 0 0 0 0 1 1 1 2 5 1 0 0 0 0 0 0 0 0 0 0 0 0 0 0 0 1 2 0 0 0 0 0
1 12 5 6 4 1 7 4 4 4 4 4 4 4 4 5 0 10 11 6 6 0 0 10 3 9 0 1 1 1 1 0 0 0 0 0 0 1 1 1 1 118 126 1 1 2 1 0 0 0 0 0 0 0 0 0 0 0 200 1 0 2 2 2 1 1 1 1 2 2 2 3 6 2 1 1 1 0 0 0 0 0 0 1 1 2 1 0 1 0 0 0 0 0 0 0
0 11 4 5 3 0 6 3 3 3 3 3 3 3 3 4 0 8 9 0 5 5 7 1 2 5 2 0 0 0 0 0 0 0 1 1 3 85 100 110 114 2 2 0 0 1 0 0 0 0 0 1 1 1 98 104 109 116 321 324 1 3 3 3 2 2 2 2 3 3 3 4 7 3 2 2 2 1 1 1 1 1 1 0 2 5 2 1 2 0 2 1 1 1 1 1
6 3 3 4 2 0 4 2 2 2 2 2 2 2 2 3 0 6 4 3 4 4 6 0 1 4 0 0 0 0 0 0 1 49 65 72 79 6 2 6 2 1 0 0 0 0 0 0 1 1 1 76 89 93 4 2 3 0 1 3 336 343 348 4 3 3 3 3 4 4 4 5 8 4 3 3 3 2 2 2 2 2 0 2 1 3 9 2 3 1 3 2 2 2 2 2
2 2 2 3 1 1 1 1 1 1 1 1 1 1 1 2 0 4 3 2 3 3 1 3 0 3 0 1 13 22 25 39 45 5 5 5 5 5 1 5 1 0 0 1 2 0 1 1 1 62 72 3 3 2 3 1 2 0 2 2 1 1 1 353 364 369 4 4 5 5 5 6 9 5 4 4 4 3 3 3 3 3 1 0 3 2 14 3 4 2 4 3 3 3 3 3
1 1 1 2 0 0 0 0 0 0 0 0 0 0 0 1 1 1 2 1 2 2 0 2 2 2 5 10 6 0 3 6 4 4 4 4 4 4 0 4 0 0 0 0 0 3 1 48 57 3 2 2 2 1 2 0 1 1 1 0 0 0 0 0 0 0 371 382 6 6 6 7 10 6 5 5 5 4 4 4 4 4 2 1 4 0 18 4 5 3 5 4 4 4 4 4
0 0 0 0 0 0 0 0 0 0 0 0 0 0 0 0 0 0 0 0 1 1 1 1 1 1 3 2 2 2 2 2 3 3 3 3 3 3 3 0 1 0 1 1 1 34 43 2 2 2 1 1 1 0 1 0 0 0 0 0 0 0 0 0 0 0 0 0 383 1650 1676 1690 1707 1719 1729 1744 1751 5 5 5 5 5 3 2 5 0 1855 2091 2100 2108 2119 2128 2143 2155 2167 2174
0 0 0 0 0 1 0 1 2 1 1 1 1 1 0 0 0 0 0 0 0 0 0 0 0 2 1 1 1 1 1 2 2 2 2 2 2 2 2 5 6 9 11 22 30 1 1 1 1 1 0 0 0 0 0 0 0 0 0 1 1 1 1 1 1 1 1245 1254 1258 5 4 4 4 3 2 7 4 1761 1772 1789 1799 1809 1817 1823 1831 1833 228 0 1 2 3 2 8 5 5 5
1 1 1 1 1 2 1 2 3 2 2 2 2 2 1 1 1 1 1 0 0 0 0 0 1 0 0 0 0 0 1 1 1 1 1 1 1 1 1 0 3 5 7 2 1 0 0 0 0 0 0 0 0 0 0 1 1 1 1 1 2 2 2 2 1223 1240 1 4 2 4 3 3 3 2 1 6 3 3 3 3 2 2 2 1 0 0 227 5 0 1 2 1 7 4 4 4
278 287 300 2 2 3 2 3 0 8 3 3 3 3 2 2 2 2 2 1 1 1 0 1 0 0 0 0 0 0 0 0 0 0 0 0 0 0 0 1 0 0 0 0 0 0 0 0 0 0 0 1 1 1 1 1 2 2 2 2 2 3 1197 1213 1 15 0 3 1 3 2 2 2 1 0 5 2 2 2 2 1 1 1 0 0 1 217 0 4 0 1 0 6 3 3 3
3 9 4 316 321 331 332 350 356 357 371 388 397 402 3 3 3 3 3 4 0 3 0 2 0 1 1 1 1 1 0 0 0 0 0 0 0 0 0 0 0 0 0 0 0 0 1 1 1 1 1 1 2 2 2 2 2 3 3 3 3 1186 5 8 0 9 4 2 0 2 1 1 1 0 2 1 1 1 1 1 0 0 0 0 1 2 203 9 4 3 0 1 3 2 2 2
8 3 0 8 0 1 4 4 4 3 3 3 3 3 413 424 429 4 4 5 1 4 4 1 0 2 0 2 2 2 2 1 2 0 1 1 1 1 1 1 1 1 1 1 1 1 3 2 2 2 2 2 0 3 3 3 3 3 4 1167 1173 4 4 6 0 1 6 3 1 1 0 0 0 0 0 0 0 0 0 0 0 0 0 0 0 1 195 4 3 3 2 0 2 1 1 1
1 2 0 6 0 3 3 3 2 2 2 2 2 2 2 1 1 436 451 458 7 5 0 2 1 3 1 3 3 3 0 3 5 1 2 2 2 2 0 4 0 4 0 2 2 2 2 7 3 3 3 3 1 4 0 4 1101 1128 1138 14 4 3 3 2 2 0 2 2 2 0 0 0 0 0 0 0 0 0 0 0 0 1 1 1 139 187 2 3 3 2 2 1 1 0 0 0
0 1 2 2 2 2 2 1 1 1 1 1 1 1 0 0 3 1 1 1 462 478 3 0 2 4 2 4 4 4 1 0 10 2 3 3 3 3 1 5 0 1 6 3 0 3 3 3 12 4 4 9 1057 1068 1076 1096 11 5 8 1 11 3 2 2 1 1 1 1 0 0 0 0 1 2 1 0 1 1 1 1 1 1 131 135 42 1 1 1 2 2 1 1 0 0 0 0
0 1 1 1 1 1 0 0 0 0 0 0 0 0 1 2 0 0 0 0 0 1 486 0 3 5 3 5 5 5 2 0 12 3 4 4 0 8 2 6 0 1 9 4 1 4 989 1006 1024 1032 1039 1044 4 3 1 13 10 4 7 0 1 8 2 1 1 0 0 0 0 0 0 1 1 2 5 1 80 89 93 107 114 119 4 2 1 39 0 0 0 1 1 0 0 0 0 1
0 0 0 0 0 0 1 2 0 0 0 0 0 0 0 0 0 0 0 0 0 0 266 761 771 783 793 800 812 6 3 1 13 4 5 5 1 9 3 7 1 947 964 973 979 988 3 3 3 1 5 3 3 2 0 12 9 3 3 2 0 5 1 1 0 0 0 0 0 0 1 1 2 2 75 79 3 2 4 3 3 3 3 1 0 9 28 12 8 0 0 0 0 0 1 1
0 0 0 0 0 0 0 1 3 1 1 1 1 2 0 1 1 1 1 1 247 259 4 5 4 4 4 4 1 821 833 843 864 874 884 896 903 918 926 938 942 2 2 2 2 2 2 2 2 0 4 2 2 1 6 4 2 5 2 2 1 2 1 0 0 0 0 1 1 1 1 2 45 58 3 0 2 1 3 2 2 2 2 0 2 5 9 4 2 6 2 0 0 1 1 2
1 0 0 1 1 1 1 0 2 4 166 175 179 183 1 213 218 225 238 245 4 4 3 4 3 3 3 3 0 5 3 4 3 3 2 4 3 3 2 2 2 1 1 1 1 1 1 1 1 1 1 1 1 0 5 3 1 1 2 1 1 0 1 0 0 0 1 3 22 31 36 39 2 5 0 1 1 0 2 1 1 1 1 1 0 3 2 5 3 1 2 0 0 2 8 20
92 100 106 113 120 127 137 147 156 158 3 0 5 10 208 3 3 3 3 3 3 3 2 3 2 2 2 2 2 1 2 3 2 2 1 3 2 2 1 1 1 0 0 0 0 0 0 0 0 0 0 0 0 1 2 2 0 0 0 0 0 0 0 0 1 5 10 15 1 1 1 1 1 1 2 0 0 0 0 0 0 0 0 0 0 1 1 2 1 2 0 1 0 2 5 2
3 3 3 3 3 6 0 6 4 0 2 4 3 3 8 2 2 2 2 2 2 2 1 2 1 1 1 1 1 0 1 2 1 1 0 2 1 1 0 0 0 0 0 0 0 0 0 0 0 0 0 0 0 0 0 0 0 0 0 0 0 0 0 0 1 2 1 1 0 0 0 0 0 0 0 0 0 0 0 0 0 0 0 0 0 0 0 0 0 0 0 0 0 2 1 1
2 2 2 2 2 2 5 0 2 1 3 2 2 4 2 1 1 1 1 1 1 1 0 1 0 0 0 0 0 0 0 0 0 0 0 0 0 0 0 0 0 0 1 1 2 1 1 1 2 1 0 1 0 0 0 0 0 1 1 1 2 1 0 0 1 0 0 0 0 0 0 0 0 0 0 0 0 1 2 1 1 1 2 0 0 0 0 0 0 0 0 0 0 0 0 0
1 1 1 1 1 1 2 1 0 2 1 1 1 1 1 0 0 0 0 0 0 0 0 0 0 0 0 0 0 0 0 0 0 0 0 0 0 0 0 1 1 2 0 4 0 5 2 5 0 2 1 2 1 1 1 1 0 3 2 5 2 1 0 0 0 0 1 0 1 1 1 2 1 1 1 0 1 1 5 2 2 2 4 0 1 1 1 1 1 2 1 0 0 0 0 0
0 0 0 0 0 0 0 0 0 0 0 0 0 0 0 0 0 0 0 0 0 0 0 0 1 1 1 2 0 1 1 2 0 2 1 0 3 0 0 1 2 2 4 0 6 0 9 6 1 3 2 3 2 2 2 2 1 0 7 9 2 1 1 1 0 0 0 3 1 2 4 3 2 2 2 0 1 2 2 9 3 3 6 2 0 2 2 2 2 3 2 2 1 0 0 1
0 0 0 0 0 0 0 0 0 0 0 0 0 0 0 0 2 1 1 1 1 1 1 1 0 4 2 0 3 3 0 2 4 0 5 1 4 1 1 2 3 0 8 1 7 1 10 7 2 4 3 4 3 3 3 3 2 0 19 3 2 2 2 1 1 0 0 0 5 2 3 9 3 3 3 1 0 2 3 7 14 11 3 0 1 3 3 3 3 4 6 5 2 0 0 1
1 1 1 1 1 1 1 1 1 2 1 1 1 0 2 0 4 2 2 2 2 0 4 0 3 0 8 1 0 8 1 3 5 1 6 2 5 2 2 3 4 1 0 11 8 2 11 8 3 5 4 5 4 4 8 0 3 1 24 3 0 6 2 2 1 1 0 0 0 7 11 26 4 4 4 2 0 1 3 0 8 31 0 1 2 4 4 4 31 20 9 2 1 0 0 1
2 0 2 4 2 2 0 4 2 0 5 2 0 2 4 0 1 8 3 3 3 1 5 1 4 1 9 2 1 9 2 4 6 2 7 3 6 3 3 4 5 2 1 0 21 3 12 9 4 2437 5 6 5 14 0 1 4 27 4 1 0 10 3 2 2 1 1 0 0 0 1 2 35 5 8 1 0 0 2 7 9 51 1 2 3 5 44 33 0 0 2 1 0 0 1 3
3 1 3 0 8 3 0 1 5 3 7 3 1 0 3 6 2 9 4 4 4 2 6 2 5 2 10 3 2 10 3 5 7 3 2259 2268 2288 2296 2301 2316 2328 2335 2343 2353 2360 2390 2407 2421 2425 2 2444 2461 2463 2489 2491 2 5 33 0 2 1 15 3 3 2 0 2 1 1 0 0 0 0 43 11 1 0 0 1 0 0 0 54 3 78 66 18 15 12 3 2 1 0 0 2 4
4 2 4 0 10 0 5 0 8 0 4 12 2 1 4 0 10 10 5 5 5 3 7 2121 2137 2152 2170 2181 2190 2209 2217 2229 2242 2246 3 5 5 2 2 5 4 2 4 7 5 2 2 2 2 1 2 2 0 3 0 2532 2546 2581 1 3 18 4 0 4 3 1 3 2 2 1 0 1 1 0 58 1 0 0 1 2 1 1 60 80 0 0 1 1 1 7 4 3 1 0 0 1
13 3 5 1 11 1 6 1 0 10 5 0 16 2 5 1 2038 2060 2072 2084 2096 2105 2109 8 4 5 5 5 4 6 2 4 3 2 2 4 4 1 1 4 3 1 3 6 4 1 1 1 1 0 1 1 1 0 37 0 3 0 2587 2608 2628 5 6 0 4 2 4 3 3 2 1 0 2 2 62 1 0 1 0 2 3 2 148 3 2 1 0 0 0 0 1 0 0 0 0 0
15 4 6 2 12 2 7 2 1 0 17 0 1996 2008 2019 2024 4 4 4 4 4 3 2 7 3 4 4 4 3 5 1 3 2 1 1 3 3 0 0 3 2 0 2 5 3 0 0 0 0 0 0 0 24 33 2 1 0 3 5 7 8 2650 2658 1 5 3 5 4 4 3 2 0 1 3 68 0 1 2 0 1 3 7 152 2 1 0 0 0 0 0 0 0 0 0 0 0
16 5 7 3 1903 1911 1928 1936 1943 1949 1972 1976 3 3 3 3 3 3 3 3 3 2 1 6 2 3 3 3 2 4 0 2 1 0 0 2 1 0 0 1 1 1 2 1 1 0 1 2 6 9 13 23 3 3 1 0 2 4 6 7 1 3 0 2664 10 0 6 5 5 4 3 1 0 2 73 3 0 3 0 1 2 165 1 0 0 1 1 1 1 1 1 1 1 1 0 0
1859 1863 1881 1885 3 3 3 3 3 3 3 2 2 2 2 2 2 2 2 2 2 1 0 5 1 2 2 2 1 1 1 0 0 0 0 0 0 0 0 0 0 0 0 0 0 0 0 2 1 2 5 2 2 2 0 1 3 5 3 2 0 2 1 3 2703 2728 2736 6 6 5 4 2 1 3 74 5 0 4 1 0 2 172 0 1 2 2 2 2 0 4 2 2 2 0 1 0
2 2 2 2 2 2 2 2 2 2 2 1 1 1 1 1 1 1 1 1 1 0 1 2 0 1 1 1 0 0 0 0 0 0 0 0 0 1 0 0 0 0 0 0 0 0 0 0 1 2 1 1 1 1 0 2 4 1 0 1 1 0 2 0 32 11 1 2750 2758 2775 5 3 2 4 75 6 1 5 2 0 1 179 2 3 3 3 3 0 1 5 6 3 0 1 2 1
1 1 1 1 1 1 1 1 1 1 1 0 0 0 0 0 0 0 0 0 0 0 0 0 0 0 0 0 0 0 0 0 1 2 1 1 1 0 2 2 1 1 1 1 2 0 0 0 0 0 0 0 0 0 1 1 1 0 0 0 0 1 0 31 8 1 0 10 2 1 2778 2802 2811 0 76 7 2 6 3 1 182 0 4 0 8 0 5 0 2 13 4 1 0 2 3 2
0 0 0 0 0 0 0 0 0 0 0 0 0 0 0 0 0 0 0 0 0 0 0 0 1 0 0 0 0 1 1 2 0 2 5 2 2 1 0 3 5 2 2 5 1 1 0 0 0 0 0 0 0 0 0 0 0 0 0 0 1 22 29 3 3 0 1 7 1 0 7 4 1 2823 2901 8 3 7 4 2 184 0 6 9 0 1 6 4 14 5 2 0 1 3 4 3
0 0 0 0 0 0 0 0 0 0 0 0 2 1 1 1 1 1 0 2 1 1 1 1 2 1 1 0 2 2 0 5 1 0 3 9 3 2 1 0 10 3 3 8 2 0 1 0 2 1 2 1 0 0 0 1 3 6 9 13 19 2 2 2 2 0 4 1 0 5 0 3 0 7 2 2910 2927 2936 5 3 185 1 7 10 1 2 12 0 15 9 1 0 2 0 9 4
1 1 1 1 1 1 1 1 1 1 1 1 3 2 2 2 2 2 1 3 2 2 2 2 3 2 2 1 0 6 1 6 2 0 1 18 0 3 0 2 1 15 13 3 0 1 2 1 3 5 2 0 1 1 0 0 0 0 1 2 1 1 1 1 1 0 2 0 2 1 1 0 5 0 1 4 2 2 2948 2953 186 2 8 11 2 3 13 1 16 12 0 1 3 1 0 15
2 2 2 2 2 2 2 2 2 2 2 2 0 7 3 3 0 6 2 4 3 3 3 3 4 3 3 2 1 7 2 0 10 1 0 22 0 4 1 0 3 2 34 1 0 2 3 0 6 9 1 0 2 2 1 0 0 0 0 0 0 0 0 0 0 0 0 0 0 0 0 1 2 0 1 1 1 1 1 2 3149 3153 9 12 3 4 14 2 17 14 0 2 4 2 0 17
3 3 3 3 3 3 3 3 3 3 3 3 1 8 4 4 1 7 3 5 4 4 4 4 5 4 4 3 2 8 3 0 12 2 0 24 6 0 2 1 0 4 40 1 0 3 0 4 18 2 0 1 3 3 2 1 1 0 0 0 0 0 0 0 0 0 0 0 0 0 0 0 0 0 0 0 0 0 1 1 2 0 3157 3181 4 5 15 3 18 15 1 3 5 3 1 18
4 4 4 4 4 4 4 4 4 4 4 4 2 9 5 5 2 8 4 6 5 5 5 5 6 5 5 4 3 9 4 1 13 3 1 25 7 1 3 2 1 0 48 1 0 4 0 1 27 1 0 2 4 4 5 0 2 1 1 1 1 1 1 1 1 1 1 1 1 1 0 0 0 0 0 0 0 0 0 0 0 0 0 1 3185 3198 16 4 19 16 2 4 6 4 2 19
