area.txt
ncols         436
nrows         156
xllcorner     -120.29571533203
yllcorner     47.130167104972
cellsize      0.000602592593
NODATA_value  -9999
[rows 73 to 145 of 156, columns 192 to 287 of 436]
4860 5 5 5 5 5 5 5 5 5 5 5 3 10 6 6 3 9 5 7 6 6 6 6 7 6 6 5475 5483 5516 5522 5525 14 5557 5560 26 8 2 4 3 2 1 51 0 1 5 1 2 30 0 1 3 5 11 0 1 3 2 2 2 2 2 2 2 2 0 4 2 2 2 1 1 1 1 1 0 2 0 0 0 0 0 0 0 0 0 3200 3223 9651 17 3 5 7 0 5 23
16 4884 4897 4912 4927 4939 4950 4957 6 6 6 6 4 11 7 5299 5304 5318 5342 5353 5371 5387 5402 5417 5434 5456 5462 2 15 5 4 7 5537 28 34 5600 5640 5651 5659 5664 3 2 52 1 2 6 2 34 0 1 2 4 6 12 1 2 4 3 3 3 3 3 3 3 3 1 0 8 3 3 2 2 2 2 2 0 4 1 1 1 0 1 1 0 0 0 0 6406 0 9653 9672 9707 9728 9729 9745 9777
15 5 5 1 7 4 3 3 4964 4974 4991 5000 5002 5281 5283 3 2 5 6 1 16 7 6 6 8 5 4 1 14 4 3 1 2 27 4 3 2 6 1 2 5675 5739 5802 5808 5812 5820 3 35 1 2 3 5 7 13 2 3 5 4 4 4 4 4 4 4 4 2 1 0 13 4 3 3 3 0 6 1 0 7 2 2 1 2 2 0 2 6397 6405 5 11 19 23 5 5 4 2 6
2 4 4 0 6 3 2 2 1 1 1 0 0 260 0 2 1 4 5 0 15 6 5 5 7 4 3 0 13 3 2 0 1 26 3 2 1 5 0 1 6 55 8 2 3 5 5831 5892 5898 5904 5911 5968 5979 5994 3 4 6 5 5 5 5 5 5 5 5 3 2 0 15 5 4 4 4 1 7 2 1 8 3 3 0 6359 6373 6385 6387 4 4 4 4 6 2 4 4 3 1 5
1 3 3 2 2 2 1 1 0 0 0 12 217 38 2 1 0 3 4 0 13 5 4 4 6 3 2 8 3 2 1 0 20 4 2 1 0 4 0 5 51 2 7 1 2 0 3 19 2 1 1 49 1 1 6000 6015 6024 6055 6069 6086 6087 6117 6131 6143 6150 6159 6167 6191 16 6 5 5 6261 6271 6294 6304 6313 6329 6339 6346 6355 4 4 7 0 3 3 3 3 5 1 3 3 2 0 4
0 2 2 1 1 1 0 0 0 0 11 197 5 7 29 1 0 2 3 0 11 4 3 3 5 2 1 7 2 1 0 16 2 3 1 0 3 2 4 20 29 1 6 0 1 2 15 2 1 0 0 48 0 0 2 4 0 29 6 3 1 14 6 4 3 3 2 18 6199 6222 6236 6249 6 5 7 5 5 5 4 5 3 3 3 3 2 2 2 2 2 4 0 2 2 1 0 2
0 0 1 0 0 0 0 1 2 9 195 0 4 6 23 4 0 1 2 0 9 3 2 2 4 1 0 6 1 0 2 12 1 2 0 2 1 0 19 22 5 0 5 0 1 11 2 1 0 2 44 1 0 1 0 2 26 1 5 2 0 13 5 3 2 2 1 17 6 4 5 5 5 4 6 4 4 4 3 4 2 2 2 2 1 1 1 1 1 1 1 1 1 0 0 0
1 0 0 0 0 1 2 3 4 191 1 0 3 5 6 15 3 0 1 2 5 2 1 1 3 0 2 2 0 1 8 2 0 1 1 0 0 18 1 19 3 0 4 0 1 8 1 0 1 0 40 1 0 0 1 5 19 0 4 1 0 11 4 2 1 1 0 16 5 3 4 4 4 3 5 3 3 3 2 3 1 1 1 1 0 0 0 0 0 0 0 0 0 0 0 0
0 0 0 1 3 0 0 1 184 1 3 0 2 4 5 5 8 2 0 1 4 1 0 0 0 1 1 1 0 4 2 1 0 0 5 12 16 0 9 8 1 0 3 0 3 3 0 0 0 14 19 1 0 0 4 1 15 0 3 0 1 8 3 1 0 0 11 3 4 2 3 3 3 2 4 2 2 2 1 2 0 0 0 0 0 0 0 0 0 0 0 0 0 0 2 2
0 2 4 6 0 4 146 165 10 4 0 2 1 3 4 4 6 0 1 0 3 0 0 0 0 0 0 0 1 1 1 0 1 4 5 1 0 2 5 5 1 0 2 0 1 2 0 6 12 7 3 6 0 3 0 6 6 0 2 0 4 2 2 0 0 4 5 2 3 1 2 2 2 1 3 1 1 1 0 0 0 0 0 0 0 1 1 2 2 0 1 1 1 0 1 8
1 0 0 0 8 139 6 10 1 7 3 1 0 2 3 3 3 1 0 2 2 4 5 2 1 0 0 0 0 0 0 0 1 2 1 0 1 2 1 1 2 0 1 0 1 1 4 4 3 2 2 2 2 2 0 4 2 2 1 0 2 1 1 0 2 2 1 1 2 0 1 1 1 0 2 0 0 0 0 0 0 0 1 1 1 1 2 2 7 2 0 2 0 2 3 13
2 5 98 106 119 8 5 9 0 2 3 2 0 1 2 2 2 0 1 1 0 0 1 11 3 1 1 0 0 0 0 0 0 0 0 0 0 0 0 0 0 0 0 0 0 1 1 1 2 1 1 1 1 1 0 2 1 1 0 0 0 0 0 0 0 0 0 0 0 0 0 0 0 0 0 0 0 0 0 1 1 1 3 2 2 0 2 3 3 12 0 3 0 1 21 0
84 90 5 5 5 7 4 2 5 1 1 0 1 0 1 1 1 0 0 0 1 2 3 4 21 4 1 1 0 1 1 0 0 0 0 0 0 0 0 0 0 0 0 0 0 0 0 0 0 0 0 0 0 0 0 0 0 0 0 0 0 0 0 0 0 0 0 0 0 0 0 0 0 0 0 0 2 0 1 1 2 4 4 3 3 1 0 3 4 18 4 0 0 1 25 2
4 4 4 4 4 6 3 1 2 1 0 0 0 0 0 0 0 0 0 0 1 2 3 4 5 29 2 0 1 2 2 1 1 1 1 1 1 1 0 2 1 1 1 1 0 0 0 0 0 0 0 0 0 0 0 0 0 0 0 1 1 2 1 1 1 1 1 1 1 1 1 1 1 1 1 1 3 0 1 2 2 8 5 4 4 2 1 4 0 24 5 1 0 3 29 1
3 3 3 3 3 5 2 0 0 0 0 0 0 0 0 0 0 1 1 1 0 0 0 0 0 37 3 1 2 3 3 2 2 2 2 2 2 2 0 4 2 2 2 2 1 1 1 0 1 2 1 1 1 1 1 1 1 1 1 0 2 2 8 2 2 2 2 2 2 2 2 2 2 2 2 2 4 1 2 0 3 3 9 1111 1127 1134 1137 5 1 25 6 2 1 4 32 0
2 2 2 2 2 4 0 0 0 0 0 0 1 1 1 1 1 1 2 2 2 1 1 1 1 0 255 259 263 4 4 3 3 3 3 3 3 3 1 5 3 3 3 3 2 2 2 1 0 5 2 2 2 2 2 2 2 2 2 1 0 3 0 12 3 3 3 3 3 3 3 3 3 3 3 3 5 2 3 0 1070 1084 1089 4 4 2 5 1154 1158 1163 1191 1205 1208 5 34 0
1 1 1 1 1 3 0 1 0 1 1 1 1 2 4 0 2 2 2 3 3 3 2 5 197 206 4 0 2 271 299 309 319 329 339 349 359 366 370 377 382 387 4 4 3 3 3 2 1 6 3 3 3 3 3 3 3 3 3 2 1 0 4 1 17 4 4 928 944 953 958 966 990 998 1012 1023 1036 1046 1056 1067 1 2 3 3 3 1 4 3 2 1 0 2 2 1222 1259 0
0 0 0 0 2 1 2 3 6 8 13 2 2 3 5 0 1 3 3 3 4 4 171 182 3 7 3 1 0 2 16 4 4 4 4 4 4 1 0 10 14 18 410 417 428 440 448 455 461 465 479 488 496 504 512 517 4 4 4 3 6 554 563 566 908 915 918 4 5 3 2 12 5 2 8 5 5 5 4 9 0 1 2 2 2 0 3 2 1 0 1 1 1 1 2 1264
0 0 0 1 0 2 3 6 11 12 15 37 41 49 50 86 94 104 109 111 155 161 7 1 2 6 2 0 1 11 3 3 3 3 3 3 3 0 1 7 2 2 2 0 4 2 2 2 2 2 1 3 2 2 2 2 523 535 542 544 546 1 0 319 2 0 1 3 4 2 1 11 4 1 7 4 4 4 3 6 1 0 1 1 1 0 1 1 0 0 0 0 0 0 0 0
0 1 1 0 1 0 1 3 0 1 6 0 8 23 27 4 2 1 0 26 6 4 6 0 1 5 1 0 6 3 2 2 2 2 2 2 2 0 3 2 1 1 1 1 1 1 1 1 1 1 0 2 1 1 1 1 1 0 0 0 0 0 0 317 4 1 0 2 3 1 0 10 3 0 6 3 3 3 2 2 2 0 0 0 0 0 0 0 1 0 0 0 0 0 0 1
1 0 4 0 0 1 2 1 3 5 3 6 8 4 2 3 1 0 4 20 5 3 3 1 0 4 0 2 2 2 1 1 1 1 1 1 1 0 1 1 0 0 0 0 0 0 0 0 0 0 0 0 0 0 0 0 0 0 0 0 0 0 302 3 3 3 0 1 2 0 6 2 2 2 2 2 2 2 1 1 0 0 0 0 0 0 0 0 1 4 8 11 1 0 1 0
2 1 6 0 0 0 0 0 0 2 1 4 2 3 1 2 0 3 13 5 4 2 1 0 0 3 1 1 0 0 0 0 0 0 0 0 0 0 0 0 0 0 0 0 0 0 0 0 0 0 0 0 0 0 0 0 0 250 257 270 277 283 4 11 2 2 2 0 1 0 4 1 1 1 1 1 1 1 0 0 0 0 0 1 1 1 1 1 0 1 0 1 14 18 20 23
3 9 1 1 1 0 0 0 1 0 1 1 1 2 0 1 2 2 9 3 0 3 1 0 2 0 0 0 0 0 0 0 0 0 0 0 0 0 0 0 1 1 1 1 1 1 1 1 2 3 195 210 218 225 233 240 247 5 4 4 4 4 3 3 6 1 1 1 0 0 2 0 0 0 0 0 0 0 0 1 2 4 6 1 2 2 4 2 0 0 0 0 0 0 0 1
14 2 2 2 1 0 1 0 0 0 0 0 0 0 0 1 1 2 2 2 2 2 0 1 0 0 0 0 1 1 1 1 1 1 1 1 1 1 1 1 1 2 2 2 149 162 169 177 183 189 4 6 5 4 5 5 4 4 3 3 3 3 2 2 2 2 0 0 0 0 0 0 0 0 0 0 0 0 0 0 0 1 2 10 14 19 29 33 1 1 1 0 1 0 1 2
3 3 3 2 1 0 2 1 1 0 0 0 0 0 0 0 0 0 1 1 1 1 0 0 0 1 1 1 1 2 2 2 2 4 2 2 0 2 2 2 2 123 138 146 3 3 3 4 4 4 3 5 4 3 4 4 3 3 2 2 2 2 1 1 1 0 0 0 0 0 0 0 1 1 2 1 1 1 1 1 0 0 0 0 0 0 0 1 36 39 45 48 0 2 4 5
4 0 7 2 1 3 0 2 3 0 1 1 1 0 1 0 0 0 0 0 0 0 0 0 1 3 6 9 12 2 6 10 51 63 68 77 82 92 98 113 117 3 3 3 2 2 2 3 3 3 2 4 3 2 3 3 2 2 1 1 1 1 0 0 0 0 0 0 2 1 1 0 1 2 2 5 2 2 2 2 1 1 0 1 0 0 0 0 0 0 0 0 50 52 53 54
6 8 3 2 4 1 0 3 4 1 2 4 0 1 2 1 1 0 0 0 0 0 2 4 6 7 9 11 13 28 33 36 2 0 4 2 5 4 3 3 2 2 2 2 1 1 1 2 2 2 1 3 2 1 2 2 1 1 0 0 0 0 0 0 0 0 1 1 4 2 2 1 0 2 3 3 9 3 3 3 2 2 1 2 1 1 0 1 2 0 0 0 1 2 3 6009
1249 13 3 5 0 3 0 4 5 2 3 5 1 2 3 4 0 1 1 1 0 1 0 0 1 0 0 0 0 1 1 1 1 1 1 1 4 3 2 2 1 1 1 1 0 0 0 1 1 1 0 2 1 0 1 1 0 0 0 0 0 0 0 1 1 1 1 2 2 8 3 2 1 3 0 4 19 4 9 230 237 245 250 255 260 264 267 270 274 276 1 0 0 1 5962 41
2 1255 1280 1 0 5 0 5 6 3 4 6 2 3 4 5 1 4 0 2 1 0 2 1 0 2 0 0 0 0 0 0 0 0 0 1 1 2 1 1 0 0 0 0 0 0 0 0 0 0 0 0 0 0 0 0 0 0 0 1 1 1 1 1 2 2 2 2 3 138 148 161 168 177 182 186 189 212 215 2 1 1 1 0 1 0 0 0 0 0 277 3 0 5950 1 6
1 1 3 1289 7 0 1 6 7 4 5 7 3 4 5 6 2 6 0 5 0 1 3 2 1 0 3 2 0 0 0 0 0 0 0 0 0 0 0 0 0 0 0 0 0 2 1 0 0 0 0 0 0 0 0 0 1 1 1 1 2 2 2 2 2 3 104 116 121 4 4 3 3 3 2 2 1 1 1 1 0 0 0 0 0 0 0 0 1 1 5603 5940 5945 2 0 3
0 0 0 0 1290 1300 2 7 8 5 6 8 4 5 6 7 10 1 0 6 1 2 4 3 2 1 4 3 1 1 1 1 1 1 0 0 0 0 0 0 0 1 1 1 2 3 2 2 1 0 1 0 1 1 1 1 1 2 2 2 2 3 3 74 89 93 3 3 3 3 3 2 2 2 1 1 0 0 0 0 0 1 0 0 0 1 1 3 1 5601 0 52 1 1 1 2
0 0 0 0 0 1 2403 2423 2436 6 7 9 11 0 7 8 13 0 1 7 2 3 5 4 3 2 5 4 2 2 2 2 2 2 1 1 1 1 1 1 0 1 2 2 5 4 6 2 1 0 2 0 1 4 7 2 2 5 33 43 53 61 66 3 3 2 2 2 2 2 2 1 1 1 0 0 0 0 0 0 0 0 2 1 1 1 2 0 5 5589 4 0 51 0 0 0
2 0 1 1 1092 1096 6 3 2 2438 2458 2481 12 1 8 23 0 1 2 8 3 4 6 5 4 3 6 5 3 3 3 3 3 3 2 2 2 2 2 2 1 0 2 3 3 11 10 2 1 3 0 0 1 2 4 14 19 23 2 3 1 2 3 2 2 1 1 1 1 1 1 0 0 0 0 1 2 4 6 1 1 1 1 5 2 2 2 6 5575 6 1 0 2 47 2 1
1053 1058 1064 1086 1 2 5 2 1 0 3 11 2483 2503 2513 24 1 2 3 9 4 5 7 6 5 4 7 6 4 4 4 4 4 4 3 3 3 3 6 0 2 1 0 3 4 27 3 2 4 1 1 0 0 0 0 0 0 1 1 2 0 1 2 1 1 0 0 0 0 0 0 0 0 0 0 0 0 0 1 9 12 17 0 0 6 10 14 5562 4 2 2 0 1 2 40 3
8 2 2 20 0 1 4 1 0 2 8 1 0 3 5 2548 2552 2629 2634 10 5 6 8 7 6 5 8 7 5 5 5 5 5 5 4 4 4 4 7 1 3 2 0 1 4 37 3 5 2 0 2 2 0 0 0 0 0 0 0 0 0 0 0 0 0 0 0 0 0 0 0 0 1 1 1 1 1 1 0 0 0 0 18 1 1 0 5490 55 1 1 1 1 0 1 2 32
7 1 1 9 9 0 3 0 1 4 2 0 2 4 0 1 0 72 0 2656 2666 2674 9 8 7 6 9 8 6 6 6 6 6 6 5 5 5 5 8 2 4 3 1 0 2 47 6 3 1 0 3 3 1 1 1 1 0 0 0 0 0 0 0 0 0 0 2 1 1 0 1 1 3 6 11 2 0 2 2 1 1 1 1 23 5478 5487 0 6 47 0 0 0 0 0 1 1
6 0 0 8 3 4 2 0 2 0 1 1 1 1 0 0 64 6 0 7 2 1 2697 2712 2736 2747 2760 2787 2795 2817 7 15 23 7 6 6 6 6 9 3 5 4 2 1 0 58 4 0 2 1 4 4 2 2 2 2 1 1 1 1 1 1 0 1 1 2 3 2 2 1 0 2 0 0 0 13 17 4 0 3 2 2 5447 5451 4 1 0 2 2 46 40 2 1 0 0 0
2 2 0 6 2 3 1 0 0 0 0 0 0 0 1 59 2 5 3 2 1 0 19 3 5 2 1 16 6 13 2822 2826 2829 2860 2882 2891 2926 7 10 4 6 5 3 2 0 65 0 1 3 2 5 5 3 3 3 3 2 2 2 2 2 2 1 0 2 5 4 3 3 2 0 1 3 1 1 0 0 18 5 1 4 5441 0 1 1 1 0 1 1 1 2 36 31 2 1 0
1 1 0 4 1 2 0 0 1 9 13 21 22 25 32 23 1 4 2 1 0 13 4 2 4 1 0 15 5 5 3 2 1 5 5 0 26 2930 2952 2966 2976 2984 3003 3 1 67 0 2 4 3 6 10 0 4 4 4 3 3 3 3 3 3 2 0 1 3 11 4 4 3 1 0 2 6 0 2 1 1 19 5305 5320 4 106 97 0 0 0 0 0 0 1 1 1 27 18 13
0 0 1 1 0 1 1 3 6 2 2 3 1 5 14 7 0 3 1 0 2 9 3 1 3 0 10 3 4 4 2 1 0 4 4 19 5 2 1 7 1 0 13 3009 3025 3107 3113 3117 5 4 7 11 1 5 5 5 4 4 4 4 4 4 3 1 0 2 4 17 5 4 2 0 1 3 8 0 5 5272 5278 9 1 3 2 4 96 1 0 0 0 0 0 0 0 3 3 3
0 0 0 0 0 0 0 1 1 1 2 0 4 3 9 3 2 2 0 1 5 2 2 0 2 5 3 2 3 3 1 0 3 3 14 3 4 1 0 6 0 11 0 4 8 12 3 0 3134 3142 3161 12 2 6 12 0 5 5 5 5 5 5 4 2 1 0 3 5 24 5 3 0 3 0 4 5174 5180 82 4 8 0 2 1 3 3 89 79 62 5 3 2 1 0 0 1 2
1 1 0 0 0 0 0 0 0 1 1 3 2 5 2 2 1 1 0 2 1 1 1 1 1 2 2 1 2 2 0 2 2 9 3 2 3 0 1 3 8 1 3 0 6 11 2 0 7 1 9 3162 3184 3197 3211 1 6 6 6 6 12 0 5 3 2 1 0 4 31 6 0 4 5128 5142 5148 9 4 1 79 3 7 1 0 2 2 8 9 4 54 50 25 3 2 1 0 0
2 2 1 1 1 1 0 0 0 0 0 1 1 2 1 1 0 0 0 0 0 0 0 0 0 1 1 0 1 1 1 1 5 2 2 1 2 0 2 5 1 0 2 5 6 3 1 2 3 0 8 0 3 4 5 3218 3232 3242 3250 7 13 1 6 4 3 2 1 5 32 7 5092 5122 3 7 4 8 3 0 77 0 2 6 0 1 1 7 8 3 2 5 17 20 15 11 7 4
3 3 2 2 2 3 1 0 0 0 0 0 0 0 0 0 0 0 0 0 0 0 0 0 0 0 0 0 0 0 0 1 2 1 1 0 1 1 2 1 0 1 4 2 2 2 0 1 2 4 2 2 0 2 4 0 2 1 2 3255 3279 3283 3291 4981 5007 5013 5020 5036 5042 5082 8 14 2 6 3 7 2 0 73 1 0 1 5 0 0 6 7 2 1 4 3 12 3 2 2 1
4 4 3 3 3 4 2 1 1 1 0 0 0 0 0 0 0 2 1 1 1 1 1 1 1 0 0 0 0 0 0 0 0 0 0 0 0 0 0 0 0 1 1 1 1 1 0 1 1 1 1 1 1 1 1 1 0 0 0 0 0 0 1680 2 20 1 3 8 4 5 7 13 1 5 2 6 1 0 12 58 1 0 0 4 0 4 6 1 0 3 2 3 7 2 1 1
5 5 4 4 4 5 3 2 2 2 1 1 1 1 1 1 1 3 2 2 2 2 2 2 2 1 1 1 1 0 1 0 0 0 0 0 0 0 0 0 0 0 0 0 0 0 0 0 0 0 0 0 0 0 0 0 0 0 0 0 1651 1678 0 1 19 0 2 7 3 4 6 12 0 4 1 5 0 7 3 1 53 2 1 0 3 3 2 2 0 2 1 2 2 3 1 0
862 875 881 5 5 6 4 3 3 3 2 2 2 2 2 2 2 4 3 3 3 3 3 3 3 2 2 2 2 1 2 1 1 1 1 1 1 1 1 1 1 0 0 0 0 0 0 0 0 0 0 0 0 0 0 0 1 1 1 1649 19 3 1 0 17 0 1 6 2 3 5 10 0 3 0 4 0 5 2 0 25 23 11 7 3 2 2 1 1 1 0 1 1 1 0 0
11 5 2 885 906 915 921 4 4 4 3 3 3 3 3 3 3 5 4 4 4 4 4 4 4 6 0 3 3 2 3 2 2 2 2 2 0 4 2 2 2 1 1 1 1 1 0 1 1 2 1 0 1 2 0 1 1 4 1645 6 0 10 2 0 1 14 0 5 1 2 4 3 5 1 0 3 0 3 1 1 22 5 4 2 2 2 1 1 0 0 0 0 0 0 0 0
10 4 1 3 3 0 3 931 944 950 4 4 4 4 4 4 4 6 5 5 5 5 5 5 5 7 1 4 4 3 4 3 3 3 3 3 1 0 8 3 3 2 2 2 2 2 1 2 0 2 5 1 0 2 4 0 1592 1603 33 0 4 0 8 1 0 4 8 4 0 1 3 2 3 0 0 2 2 0 0 0 20 2 1 3 1 1 1 0 0 0 0 0 0 0 0 1
1 3 0 2 2 2 3 0 1 0 1047 1054 1063 1072 1092 1103 1109 1119 1135 1150 1156 1168 1184 1196 1205 1215 1218 5 5 4 5 4 0 8 4 4 2 0 10 4 4 3 3 3 3 3 2 3 1 0 9 2 1549 1556 1585 1589 3 5 4 27 4 3 0 6 0 3 4 2 3 0 2 1 1 0 1 1 1 3 5 12 4 1 1 0 2 0 0 0 0 1 1 1 1 0 1 1
0 2 1 1 1 1 0 0 0 80 8 5 2 2 8 4 4 3 1 7 4 4 2 4 1 0 5 1226 1239 1288 1301 1307 1313 1338 1349 1355 1371 1378 1396 1402 1421 1432 1442 1451 1465 1475 1485 1492 1506 1514 1531 1544 2 21 0 1 2 4 3 4 16 3 2 3 1 2 0 2 1 2 1 0 0 0 0 0 0 0 1 3 1 1 0 0 0 0 0 0 1 2 2 2 2 1 0 2
1 0 0 0 0 0 1 2 72 5 7 4 1 1 7 3 3 2 0 6 3 3 1 3 0 2 1 0 36 5 5 3 1 12 4 5 5 4 5 6 5 5 4 3 8 4 5 1 10 5 5 11 1 3 16 0 1 3 2 3 8 6 2 1 2 0 1 1 0 1 0 0 1 2 0 0 0 0 0 0 0 0 0 0 0 0 0 1 3 3 3 3 3 2 1 3
0 0 0 0 0 0 54 63 4 4 6 3 0 0 6 2 2 1 2 2 2 2 0 2 1 0 0 30 4 4 4 2 0 11 3 4 4 3 4 5 4 4 3 2 7 3 4 0 9 4 4 10 0 2 11 3 0 2 1 2 7 2 2 1 0 1 0 0 0 0 1 2 0 0 4 1 1 1 0 0 0 0 0 1 1 0 2 2 4 4 4 4 4 3 2 4
11 13 15 17 36 52 3 3 3 3 2 2 2 2 2 1 1 0 1 1 1 1 1 0 0 1 24 3 3 3 3 1 5 4 2 3 3 2 3 4 3 3 2 1 6 2 3 0 7 3 3 8 0 1 3 6 2 1 0 1 2 3 1 1 0 0 0 1 0 0 0 0 3 1 0 6 9 14 1 1 1 1 1 2 2 1 0 3 8 0 10 5 5 4 1166 1180
5 9 12 16 8 4 2 2 2 2 1 1 1 1 1 0 0 0 0 0 0 0 0 1 12 18 2 2 2 2 2 0 4 3 1 2 2 1 2 3 2 2 1 0 5 1 2 3 2 2 2 2 4 0 2 3 1 1 0 0 1 2 0 0 0 0 0 0 2 1 1 1 1 4 2 0 0 1 17 22 2 2 2 3 3 2 1 4 9 1105 1129 1141 1152 1157 3 3
2 1 2 4 2 3 1 1 1 1 0 0 0 0 0 0 0 0 1 2 3 5 7 9 2 1 1 1 1 1 1 0 2 2 0 1 1 0 1 2 1 1 0 2 1 0 1 2 1 1 1 1 2 0 1 1 0 0 0 0 0 0 0 0 0 1 1 1 1 3 2 2 2 2 5 3 1 0 0 0 23 6 3 4 1049 1062 1074 1086 1093 5 5 4 3 3 2 2
0 1 1 1 1 2 0 0 0 0 0 0 0 0 0 0 1 1 0 0 0 0 0 0 0 0 0 0 0 0 0 0 0 0 0 0 0 0 0 0 0 0 0 0 0 0 0 0 0 0 0 0 0 0 0 0 0 0 0 0 0 0 0 1 1 1 2 2 2 2 4 3 6 0 3 10 2 0 1 1 3 1020 1029 1044 8 3 4 5 5 4 4 3 2 2 1 1
0 0 0 0 0 0 0 0 0 0 0 1 1 1 1 1 1 2 2 2 0 0 0 0 0 0 0 0 0 0 0 0 0 0 0 0 0 0 0 0 0 0 0 0 0 0 0 0 0 0 0 0 0 0 0 0 1 1 1 0 1 2 0 1 4 2 0 3 3 3 3 5 4 7 5 0 883 888 897 898 976 7 3 8 7 2 3 4 4 3 3 2 1 1 0 0
0 0 0 0 0 0 0 1 1 1 2 2 2 0 2 2 2 5 3 3 1 1 1 1 1 1 1 1 1 1 1 1 1 0 1 1 1 1 2 1 1 1 1 1 1 0 1 2 1 1 1 1 1 1 1 1 2 2 2 0 1 2 4 0 7 3 1 4 4 0 4 4 6 854 864 867 1 0 5 74 1 6 2 7 6 1 2 3 3 2 2 1 0 0 0 0
1 1 1 1 0 1 1 3 0 2 5 3 3 1 3 0 3 3 361 373 376 379 394 397 415 422 428 438 446 449 2 2 2 1 2 2 2 3 518 527 533 540 547 552 559 565 572 585 593 598 602 611 620 626 635 2 3 3 3 1 0 2 3 5 746 761 770 782 794 802 813 824 828 4 2 1 0 4 61 11 0 5 1 6 5 0 1 2 2 1 1 0 0 0 0 1
2 2 2 2 1 0 2 6 1 3 6 295 296 311 316 331 340 350 3 2 5 11 8 14 3 2 6 4 6 11 465 475 479 488 494 501 505 508 2 2 2 3 3 1 3 3 3 8 4 1 0 5 5 2 5 641 668 676 688 2 695 705 723 730 5 3 5 5 5 5 4 4 2 3 1 0 3 0 59 4 5 4 0 3 1 4 0 1 1 0 0 0 0 1 3 5
191 202 215 221 228 234 238 256 263 274 278 4 4 2 7 4 3 4 2 1 4 4 7 4 2 1 5 3 5 3 2 2 2 2 1 2 2 1 1 1 1 2 2 0 2 2 2 7 3 0 4 4 1 4 4 13 4 2 6 691 4 8 3 5 4 2 4 4 4 4 3 3 1 2 0 2 0 1 58 2 3 4 3 2 0 2 0 0 0 0 0 0 2 4 5 111
4 3 8 1 3 3 5 3 3 5 2 3 3 1 6 3 2 3 1 0 3 3 6 3 1 0 4 2 4 2 1 1 1 1 0 1 1 0 0 0 0 1 1 1 1 1 1 4 2 3 3 0 3 3 8 3 3 1 5 1 3 7 2 4 3 1 3 3 3 3 2 2 0 1 1 0 0 20 30 0 1 2 3 2 1 0 0 0 1 0 1 1 2 3 98 5
2 2 4 0 2 2 4 2 2 4 1 2 2 0 5 2 1 2 0 2 2 2 2 2 0 3 1 1 1 1 0 0 0 0 0 0 0 0 0 0 0 0 0 0 0 0 1 1 1 2 2 2 2 2 4 2 2 0 4 0 2 6 1 3 2 0 2 2 2 2 1 1 0 0 0 1 18 2 24 1 0 0 1 2 1 0 0 1 0 3 5 8 9 90 1 0
1 1 1 1 1 1 1 1 1 3 0 1 1 1 2 1 0 1 1 1 1 1 1 1 2 0 0 0 0 0 0 0 0 0 0 0 0 1 1 1 1 0 0 0 0 0 0 0 1 1 1 1 1 1 1 1 1 1 1 1 1 3 0 2 1 1 1 1 1 0 0 0 1 2 9 12 1 1 2 20 12 1 0 0 1 0 0 1 4 5 6 7 68 5 4 0
0 0 0 0 0 0 0 0 0 1 0 0 0 0 0 0 0 0 0 0 0 0 0 0 0 0 0 0 0 0 1 1 1 1 1 1 1 3 2 2 2 1 1 2 0 0 0 0 0 0 0 0 0 0 0 0 0 0 0 0 1 0 1 0 0 0 0 0 0 1 2 3 4 5 0 0 0 0 1 3 2 9 5 2 0 0 0 1 2 3 4 11 47 3 0 3
0 0 0 0 0 0 0 0 0 0 0 0 0 0 0 0 0 0 0 0 0 0 0 0 1 1 1 1 1 1 1 4 2 2 2 2 0 2 7 3 3 2 5 1 1 1 0 0 0 0 0 0 0 1 2 0 0 0 0 0 0 0 0 0 0 0 0 0 0 0 0 0 0 0 0 0 0 0 0 0 1 1 2 1 0 0 1 2 3 4 5 35 9 0 2 2
3 1 1 1 1 1 1 1 1 0 1 1 1 1 1 1 1 1 1 1 1 1 1 1 1 2 2 2 2 2 2 7 3 3 3 3 1 0 11 4 4 9 2 2 2 1 1 0 1 0 1 1 1 2 0 3 1 1 1 2 0 0 0 2 0 1 3 5 1 1 1 1 3 5 1 3 1 0 0 1 0 0 0 1 0 0 1 2 3 4 10 23 5 2 1 1
1 4 2 2 2 4 2 2 0 2 1 4 2 2 2 0 2 4 2 0 2 2 2 2 2 2 3 3 6 0 3 3 12 269 279 284 296 303 321 328 344 3 3 3 2 2 1 2 1 0 0 2 5 6 3 1 4 2 2 2 3 2 1 0 3 1 0 0 6 2 2 2 0 0 7 8 1 1 2 0 3 2 1 0 0 0 1 2 3 4 11 10 4 1 0 0
7 10 16 20 24 33 3 3 0 4 0 7 3 3 3 1 3 5 3 1 3 3 3 0 3 3 7 4 0 223 237 246 251 4 4 8 4 2 1 0 3 359 4 3 3 2 3 2 1 1 0 0 0 0 7 6 0 5 3 3 3 4 3 2 1 4 2 1 1 7 3 3 3 1 0 18 4 3 1 4 0 0 0 0 0 0 1 2 3 10 7 1 3 0 0 0
0 1 2 3 5 7 43 54 56 62 68 72 88 96 101 2 4 6 4 2 4 4 4 1 4 5 201 210 214 3 3 3 3 3 3 2 3 1 0 2 1 1 368 8 3 4 3 2 2 0 1 0 1 1 1 8 8 6 4 0 4 4 5 10 3 7 0 3 2 10 4 0 4 4 2 0 28 2 5 1 1 1 1 1 0 0 1 2 5 1 4 0 2 0 0 1
5 0 0 0 0 0 0 0 1 4 1 0 1 2 2 108 114 122 138 141 152 159 163 173 176 179 2 2 2 2 2 2 2 2 2 1 2 0 1 0 0 0 0 379 9 4 3 3 1 0 2 0 1 4 2 0 18 12 1 0 0 5 5 0 12 18 28 0 7 11 5 1 5 0 5 3 33 6 16 13 10 7 4 1 0 0 0 1 0 1 1 1 0 1 3 5
6 1 0 1 0 0 0 0 0 0 0 0 1 1 0 1 1 1 2 1 1 0 2 1 1 1 1 1 1 1 1 1 1 1 1 0 1 0 0 1 2 0 1 0 395 9 4 2 1 3 0 0 1 2 8 0 1 34 1 1 0 6 0 6 0 0 1 32 35 56 8 0 6 1 0 44 39 29 9 4 3 2 1 0 1 1 0 0 0 0 0 1 3 6 10 21
