area.txt
ncols         436
nrows         156
xllcorner     -120.29571533203
yllcorner     47.130167104972
cellsize      0.000602592593
NODATA_value  -9999
[rows 0 to 72 of 156, columns 0 to 95 of 436]
1 4 6 7 8 9 10 11 12 13 14 15 16 0 216 29 17 12 9 5 3 1 0 0 1 2 3 4 10 11 12 13 14 15 0 0 0 1 0 0 0 0 0 0 0 0 0 0 0 0 0 0 383 452 468 11 7 2 0 0 0 0 0 0 0 0 0 0 0 0 0 0 0 848 862 870 872 875 883 891 907 912 914 917 921 922 931 932 937 942 974 980 989 993 996 1001
0 1 0 0 0 0 0 0 1 2 3 0 0 177 6 4 5 3 1 2 0 0 0 0 0 1 2 3 0 0 0 0 0 1 18 1 1 0 2 1 1 1 1 329 336 349 353 356 363 374 379 381 65 1 2 2 1 1 0 0 1 1 1 1 1 1 1 2 0 1 823 839 846 6 5 6 0 1 6 6 14 3 0 1 2 3 3 3 3 30 4 7 2 1 2 0
0 0 1 0 1 1 1 1 0 0 0 4 150 7 4 0 3 4 2 0 1 0 4 10 15 18 19 20 21 0 1 1 1 0 0 19 2 2 1 3 2 313 325 4 6 2 1 0 4 8 2 0 64 0 1 1 0 0 0 1 1 2 2 2 2 2 2 2 807 819 6 5 5 5 4 5 0 5 1 3 13 2 0 1 2 2 2 2 29 3 3 2 1 0 1 1
0 0 0 2 1 2 2 2 2 1 3 133 9 2 3 3 1 0 3 1 0 2 3 2 1 0 1 2 3 26 1 2 2 2 1 1 20 3 7 298 307 5 2 3 5 1 0 3 3 3 1 1 59 1 0 0 2 3 4 5 8 2 3 7 11 15 112 800 4 4 5 4 4 4 3 4 4 0 2 6 5 1 0 1 1 1 1 28 2 1 0 1 0 0 0 0
0 1 1 1 3 2 3 3 3 111 124 1 0 8 1 2 2 0 2 0 1 2 1 0 0 1 2 3 4 5 33 36 40 44 3 2 2 273 282 4 3 4 1 2 4 0 2 2 2 0 0 23 33 0 0 1 0 1 2 3 4 14 18 19 20 92 681 1 3 3 4 3 3 3 2 3 3 1 5 3 0 0 0 0 0 0 3 23 1 0 0 0 1 2 3 4
0 1 2 2 2 4 3 4 103 5 1 3 0 4 2 0 1 1 1 0 1 0 0 1 2 3 4 5 6 7 8 9 10 11 57 62 248 3 3 3 2 3 0 1 3 1 1 1 5 21 22 27 2 1 0 0 6 0 0 1 2 3 4 5 70 678 1 0 2 2 3 2 2 2 1 2 2 0 4 2 0 6 0 0 1 2 22 0 0 1 11 19 20 21 0 0
1 0 2 3 3 3 75 90 2 1 2 0 2 1 1 1 0 0 0 0 0 0 0 0 0 1 2 3 4 5 6 7 8 9 168 176 4 2 2 2 1 2 0 2 0 0 0 4 14 5 23 2 1 0 2 4 0 7 9 10 11 60 62 63 675 0 0 0 1 1 2 1 1 1 0 1 1 1 1 1 4 0 8 10 11 21 3 6 7 8 6 0 1 0 22 1
2 1 3 0 41 65 3 2 2 1 0 1 1 0 0 0 0 0 0 0 0 1 1 1 1 2 0 1 2 0 0 0 146 157 3 2 3 1 1 1 0 1 1 0 1 2 3 13 4 6 9 1 0 1 0 0 4 22 30 36 47 0 7 13 674 2 1 0 0 0 1 0 0 0 0 0 0 0 0 1 1 1 2 7 8 2 1 1 3 5 0 1 0 2 1116 1152
4 15 22 35 6 5 5 2 1 1 0 0 0 0 0 0 0 1 1 1 1 1 2 2 2 0 3 4 5 9 11 144 8 0 2 1 2 0 0 0 0 0 0 1 5 9 12 3 5 4 3 0 0 0 1 2 15 6 4 8 0 6 4 3 650 1 0 2 1 0 0 0 1 2 6 7 0 0 0 0 0 1 3 0 1 0 0 0 0 0 1 0 3 1111 5 5
3 4 1 11 5 4 0 3 1 0 0 0 0 0 1 1 1 3 0 2 2 2 2 3 3 3 1 117 121 127 130 2 2 1 1 0 0 0 0 0 0 0 1 2 2 1 2 4 0 2 2 2 5 8 11 14 5 3 6 0 5 3 2 1 1 645 7 3 2 1 0 0 1 2 0 1 10 2 0 0 0 0 0 1 2 0 0 0 0 0 0 1094 1102 2 4 4
2 3 0 10 2 1 3 2 0 0 1 2 4 6 8 38 44 47 52 54 58 77 82 89 98 105 114 2 2 1 1 1 1 0 0 0 0 0 0 1 1 1 0 1 0 1 1 1 1 1 1 1 1 1 1 4 2 2 2 4 2 1 0 0 0 4 630 3 2 1 0 0 1 2 0 0 0 11 3 1 1 0 0 0 0 3 1 1 1066 1085 1087 2 6 1 3 3
1 2 5 3 1 0 2 1 0 6 9 13 15 18 26 2 0 2 6 9 11 3 2 3 1 1 1 1 1 0 0 0 0 0 0 0 2 1 0 1 2 2 2 0 0 0 0 0 0 0 0 0 0 0 3 1 1 1 3 1 0 0 1 2 3 0 624 3 1 0 0 0 0 0 3 1 1 1 12 4 4 0 1 1 1 1040 1059 1062 4 10 0 1 5 0 2 2
0 1 4 2 0 1 0 2 4 1 2 0 1 1 4 1 0 2 1 0 2 1 1 0 0 0 0 0 0 0 1 0 0 0 1 1 4 0 2 3 3 0 3 4 0 0 0 0 0 0 0 0 1 2 0 0 0 2 0 0 1 2 3 4 5 616 1 0 0 0 0 1 1 1 1 4 2 2 2 13 5 5 1017 1030 1036 4 6 1 3 5 3 0 3 0 1 1
0 0 2 1 0 0 1 0 0 0 0 0 0 1 1 0 1 0 0 1 0 0 0 0 0 0 0 0 0 0 0 2 1 1 1 2 2 6 3 0 4 5 4 5 1 1 1 1 1 0 1 1 0 0 0 0 1 0 1 0 0 0 1 2 0 609 0 0 0 0 1 1 2 2 2 2 5 3 3 963 998 1007 4 4 4 3 5 0 2 4 0 1 1 0 0 0
0 1 0 0 1 2 3 0 0 0 0 0 0 0 0 0 0 1 2 3 0 0 0 1 1 1 1 1 1 1 1 1 3 2 2 2 3 3 346 348 379 392 405 414 417 420 2 2 2 1 2 2 1 1 0 1 0 0 0 2 1 1 0 0 604 0 0 0 0 1 3 2 0 3 3 3 924 947 955 4 8 7 3 3 3 2 2 1 1 1 1 0 0 0 0 0
0 0 0 0 1 0 1 6 2 1 1 1 1 0 0 0 0 1 2 3 8 1 3 1 2 2 2 2 2 2 2 2 2 4 307 319 328 330 16 24 5 2 3 1 0 5 438 442 451 459 472 478 481 2 1 2 0 1 1 1 3 2 594 597 0 0 0 0 1 1 2 4 3 5 907 920 6 4 6 3 7 6 2 2 2 1 1 0 0 0 0 0 0 0 1 1
0 1 1 1 0 2 3 4 15 2 2 2 2 1 1 1 0 0 0 1 2 12 13 4 2 3 3 3 3 3 262 271 287 295 4 2 3 0 15 6 4 1 2 0 3 5 4 4 3 3 2 1 23 512 538 542 1 0 564 574 582 585 1 0 0 0 0 1 1 2 2 3 887 896 5 1 5 3 5 2 6 5 1 1 1 0 0 0 0 0 0 0 1 1 1 4
0 1 2 2 2 4 5 8 9 26 33 3 3 2 2 2 0 1 1 0 0 1 0 14 5 3 4 230 245 254 4 4 3 6 3 1 2 9 4 5 3 0 1 2 4 3 3 2 2 1 0 22 5 10 8 4 556 560 2 1 2 1 0 0 1 2 4 6 2 2 6 873 6 0 4 0 4 2 4 1 5 4 0 0 0 0 0 0 1 1 52 54 56 59 78 82
0 1 2 3 3 0 1 0 13 15 16 51 74 78 3 3 1 2 0 2 1 0 2 1 195 215 220 4 4 3 3 3 2 5 2 0 1 8 3 4 2 0 1 3 2 2 1 1 0 16 21 4 9 7 3 2 2 2 1 0 1 0 0 1 2 3 4 5 13 17 854 7 1 3 2 0 3 1 3 0 4 3 0 0 0 0 1 37 43 48 0 3 6 15 0 9
1 2 3 0 4 9 10 11 0 5 9 13 3 10 91 101 118 122 127 133 141 151 172 177 4 3 3 3 3 2 2 2 1 4 1 0 4 2 2 3 1 0 2 1 1 0 0 0 15 3 3 8 3 2 2 1 1 1 0 0 0 1 2 3 4 5 6 7 8 829 5 4 1 0 2 1 2 0 2 3 2 0 1 3 1 28 33 2 0 1 1 1 5 1 7 0
2 3 4 0 1 0 0 1 4 2 2 2 5 0 4 4 4 2 4 3 5 12 3 3 3 2 2 2 2 1 1 1 0 3 0 1 1 1 1 2 0 1 0 0 0 5 7 13 2 2 2 4 2 1 1 0 0 0 0 0 1 2 3 4 0 1 0 1 2 816 2 1 3 0 1 0 1 1 2 1 0 1 2 16 24 1 0 1 0 0 0 4 0 0 5 2
3 4 5 1 3 0 0 1 1 1 1 1 2 3 3 3 1 3 2 4 5 5 2 2 2 1 1 1 1 0 0 0 0 1 0 0 0 0 0 0 0 0 1 2 3 0 4 1 1 1 1 1 1 0 0 0 0 0 0 1 0 0 0 0 5 0 2 3 809 2 2 1 0 2 0 0 0 1 0 0 1 2 12 1 0 0 0 0 1 2 3 0 1 4 1 0
4 5 8 4 1 0 0 0 0 0 0 1 2 2 2 0 2 1 3 4 2 1 1 1 1 0 0 0 0 0 0 0 0 0 0 0 0 0 0 0 0 0 0 1 2 3 0 0 0 0 0 0 0 0 0 0 1 1 1 1 2 1 1 1 1 6 788 798 2 2 1 1 0 0 0 0 0 0 1 2 4 7 0 0 0 0 0 0 0 0 0 0 1 0 0 0
11 9 5 2 1 1 0 0 0 0 0 0 0 1 1 1 0 2 1 1 1 0 0 0 0 0 0 0 0 0 1 1 1 0 1 1 1 1 1 1 1 1 1 0 0 0 0 0 0 0 0 0 0 1 1 1 1 2 2 2 2 3 2 5 750 775 3 5 2 1 1 0 0 0 0 0 1 0 0 0 0 0 0 0 0 1 1 1 1 1 1 1 0 0 0 1
22 10 3 2 2 1 1 0 2 2 1 0 0 0 0 0 1 0 0 0 0 0 0 0 0 0 1 2 1 1 2 0 2 2 3 2 2 2 0 2 2 4 0 2 1 1 1 1 1 1 1 1 1 1 4 2 0 2 3 3 3 3 735 741 14 6 2 1 2 1 0 0 0 0 1 3 5 2 1 1 0 0 0 1 1 1 2 4 0 4 2 0 2 1 1 1
34 0 3 3 2 2 1 3 7 3 2 1 0 0 1 2 3 4 5 0 0 2 1 1 1 0 1 2 3 4 3 1 3 3 4 0 3 3 4 3 3 5 1 3 0 2 2 2 2 2 2 2 2 2 7 0 3 668 676 690 709 726 2 1 7 5 5 1 0 1 0 0 0 1 1 0 0 6 3 2 2 1 1 1 2 2 2 3 6 0 8 1 3 2 2 2
36 4 4 3 3 2 4 12 3 2 1 0 0 0 1 2 3 4 5 12 1 1 3 4 2 0 1 2 3 9 4 2 4 0 9 0 1 4 4 5 4 10 2 4 1 3 3 0 3 3 3 3 3 627 651 657 662 3 2 1 13 15 1 0 6 3 0 4 0 0 0 0 1 1 2 2 1 1 7 12 16 20 2 2 2 3 3 3 4 8 9 12 4 3 3 3
68 25 19 14 9 5 17 3 2 1 0 1 0 0 0 0 1 2 3 4 18 2 9 0 5 10 97 102 106 121 5 0 3 5 11 1 2 0 5 5 17 472 487 493 503 510 519 526 532 543 588 610 619 5 5 3 3 2 1 0 12 11 2 0 1 3 2 3 0 1 2 4 1 2 2 6 3 2 2 0 0 1 23 27 6 0 4 625 642 662 670 672 691 706 720 730
107 37 36 35 34 33 11 8 5 3 2 0 0 2 0 1 2 3 4 5 6 33 51 69 80 83 3 0 2 6 132 141 149 155 165 181 186 192 201 440 442 1 8 6 1 3 4 0 5 39 13 2 7 4 4 2 2 1 0 2 8 7 2 1 0 2 1 2 0 3 4 7 14 21 26 27 35 40 44 3 1 0 0 0 28 609 615 7 3 4 6 0 4 8 4 4
109 0 9 8 5 2 2 1 1 0 0 1 0 1 3 1 2 3 4 5 6 16 6 5 2 1 2 0 2 2 1 1 4 2 2 1 1 0 233 3 0 0 7 5 0 2 3 4 6 31 12 1 6 3 3 1 1 0 1 1 5 4 1 1 0 1 0 1 1 0 1 0 3 0 0 1 2 3 4 50 55 2 1 555 564 6 4 6 2 3 5 3 3 3 3 3
130 15 3 1 1 1 1 1 0 0 1 0 2 1 2 4 5 6 7 11 15 2 2 4 1 0 1 1 1 0 0 3 1 1 0 0 3 5 226 1 0 5 0 4 1 2 3 5 5 24 11 0 5 2 2 0 0 0 0 1 2 2 0 0 0 0 0 0 0 0 1 2 0 1 2 3 4 5 6 0 0 57 550 5 1 5 3 5 1 2 4 2 2 2 2 2
3 0 0 0 0 0 0 0 0 0 0 2 1 3 2 3 0 1 2 2 1 1 1 1 0 0 0 0 0 1 2 0 0 0 1 2 0 210 9 4 0 4 3 0 1 2 4 4 4 18 8 1 4 1 0 0 0 0 0 0 0 0 0 0 0 0 0 0 1 3 4 0 0 0 0 0 0 0 0 7 9 485 2 4 0 4 2 4 0 1 3 1 1 1 1 1
0 0 0 0 0 0 1 0 0 0 1 1 3 2 4 3 4 0 1 0 0 0 0 0 0 0 0 0 0 0 1 2 0 1 2 154 203 5 7 0 3 3 2 0 1 3 3 3 3 13 7 0 2 0 0 0 0 2 1 0 0 0 0 1 1 1 0 1 0 0 0 5 1 1 1 1 1 1 1 457 470 3 1 2 0 3 1 3 0 1 0 0 0 0 0 0
26 17 1 1 5 3 0 0 1 0 1 4 7 12 16 5 4 5 0 0 0 0 0 0 1 1 1 1 1 3 138 140 144 145 150 41 5 4 4 1 2 2 1 0 2 2 2 2 2 9 3 2 1 0 0 0 1 0 3 2 1 2 1 2 2 2 1 0 2 1 1 1 6 2 2 2 2 442 453 2 4 3 2 0 1 2 0 2 0 0 1 0 0 0 0 0
5 1 13 9 1 0 0 0 4 0 0 1 2 6 7 25 32 44 0 1 3 5 7 1 5 108 115 120 129 133 0 1 2 3 37 2 4 3 3 0 1 1 0 1 1 1 1 1 5 2 2 1 0 0 2 1 1 2 1 4 3 5 2 3 3 3 0 2 1 3 2 2 2 7 3 3 436 6 0 1 3 1 0 1 0 1 1 0 1 2 3 2 1 2 1 1
3 0 0 0 0 0 1 6 1 0 0 1 2 0 1 2 10 14 63 68 72 77 82 97 101 3 1 2 2 2 0 0 5 31 4 1 3 2 1 0 0 0 0 0 0 0 0 2 1 1 1 0 0 1 0 3 2 2 3 2 5 4 9 4 4 4 0 1 3 2 4 3 3 403 422 427 0 3 1 0 1 0 0 0 0 0 0 1 2 3 4 19 25 31 35 46
2 1 0 0 0 1 9 2 1 0 0 0 1 2 4 6 2 2 2 2 3 3 2 2 2 2 0 1 1 1 1 3 20 3 3 0 2 0 0 0 0 0 0 0 0 0 1 0 0 0 0 1 2 0 2 1 4 3 3 4 3 10 16 32 38 5 1 2 4 0 377 392 395 2 2 2 0 1 0 0 0 0 0 0 0 1 2 3 4 5 9 1 2 2 5 2
0 0 1 1 0 2 13 2 0 1 0 1 0 0 0 1 1 1 1 2 1 0 1 1 1 1 0 0 0 0 0 9 9 2 1 0 0 0 0 0 0 1 1 1 1 1 0 0 0 0 0 0 0 3 1 5 2 5 4 275 288 289 292 298 301 343 350 355 369 372 2 1 1 1 1 0 0 0 0 0 0 0 1 1 1 0 0 0 1 2 0 1 1 1 1 0
1 1 2 3 3 14 3 1 2 0 0 3 1 0 0 0 0 0 0 0 0 0 0 0 0 0 1 2 6 7 8 0 7 1 0 0 0 0 0 1 1 1 2 2 2 2 2 1 1 1 1 1 1 1 4 5 12 249 265 3 2 1 0 3 1 1 1 1 2 1 1 0 0 0 0 0 0 0 0 1 1 2 2 2 0 2 1 1 0 0 0 0 0 0 0 1
0 4 3 4 4 19 2 3 1 0 0 5 2 1 0 0 0 0 0 1 2 0 0 0 0 0 1 2 0 1 2 6 0 0 0 0 1 1 1 1 2 2 2 3 3 3 3 3 4 2 0 2 2 2 207 215 232 4 3 2 1 0 2 0 0 0 0 0 0 0 0 0 0 0 0 0 1 1 1 1 2 2 6 3 1 3 2 2 1 1 0 0 0 0 0 0
1 5 4 5 5 20 3 4 2 1 1 6 3 2 1 1 0 1 1 0 1 3 1 1 1 1 0 0 0 1 2 0 1 2 4 6 3 0 2 2 2 3 3 3 4 4 4 8 0 8 1 0 194 201 6 0 14 3 2 1 0 1 0 1 2 0 0 0 0 0 0 0 1 1 1 1 3 6 218 225 229 238 253 261 264 4 3 3 2 2 1 1 0 1 1 1
8 5 6 0 6 21 4 5 3 2 2 7 4 3 2 2 1 0 2 2 0 2 4 2 2 2 2 1 1 0 1 2 3 4 0 0 7 4 1 3 3 3 4 4 4 10 5 5 15 171 187 189 1 0 5 7 5 2 1 0 0 0 1 2 3 13 143 152 153 160 165 171 179 190 194 199 204 208 3 0 4 2 0 2 2 269 284 291 3 3 2 2 1 2 2 0
15 7 1 0 7 22 5 6 4 3 11 5 4 3 0 3 2 1 3 0 3 1 3 5 3 3 3 3 2 2 0 0 0 1 7 1 1 8 7 0 4 4 4 5 5 0 138 149 153 1 1 0 0 4 6 2 1 1 0 0 1 2 3 4 5 88 37 6 4 2 3 5 1 3 0 3 3 2 2 1 1 1 1 1 0 2 1 1 293 299 309 313 2 3 3 1
24 2 1 0 8 23 6 7 5 4 12 6 5 4 1 4 3 2 4 0 1 4 2 4 6 4 4 4 4 3 3 1 1 2 12 21 2 2 17 1 0 5 5 5 112 125 1 1 2 0 0 1 3 3 1 1 0 0 0 0 1 2 3 22 87 30 5 5 3 1 2 4 0 2 2 2 1 1 0 0 0 0 0 0 1 0 0 0 0 0 0 1 317 327 333 2
31 2 1 0 9 24 7 8 6 5 13 13 0 5 2 5 4 3 5 1 0 2 5 3 5 7 5 5 5 5 4 4 7 8 0 2 28 29 3 18 2 4 92 99 2 2 0 0 0 0 0 0 0 1 0 0 0 0 1 3 4 12 17 63 18 10 4 4 2 0 1 3 1 1 1 0 0 0 1 2 3 4 5 6 7 8 9 0 0 0 0 0 0 0 0 334
43 5 2 0 10 25 8 9 7 6 14 14 1 9 6 5 0 4 6 2 1 0 3 6 4 6 8 6 13 20 27 5 0 0 0 0 2 7 41 49 71 74 2 2 1 0 0 0 0 0 0 1 0 0 0 0 0 1 2 3 6 3 62 17 4 4 3 3 1 0 2 0 0 0 4 5 6 7 8 9 10 11 12 0 0 0 0 10 1 1 1 0 0 0 0 0
4 1 0 0 11 0 35 10 8 7 30 2 10 16 8 1 0 5 7 3 2 0 1 4 7 5 7 9 0 0 0 28 6 1 1 0 3 2 1 0 1 1 1 1 0 0 0 0 1 1 1 0 2 0 1 1 1 1 0 1 2 61 3 12 3 3 2 2 0 1 0 1 2 3 0 1 2 3 4 0 0 0 0 13 1 1 1 1 11 2 2 2 1 1 2 0
1 0 0 0 1 12 37 20 8 31 3 33 21 3 2 1 6 0 8 4 3 1 2 0 5 14 8 10 0 1 1 1 29 7 2 2 0 0 0 0 0 0 0 0 1 2 4 6 1 4 7 10 12 16 36 41 46 49 0 1 60 2 8 2 2 2 1 1 0 0 0 0 0 0 0 1 2 3 4 5 1 1 1 1 14 2 2 2 2 12 3 498 511 516 524 533
0 1 0 0 1 2 51 30 84 51 46 11 10 9 8 7 0 1 9 5 4 2 3 1 6 15 9 11 0 1 2 2 2 30 8 3 0 0 0 0 1 0 0 0 0 0 0 0 8 9 10 11 15 17 1 1 4 6 57 59 1 4 2 1 1 1 0 0 0 0 1 1 1 1 1 0 0 0 1 7 6 2 2 2 2 15 3 3 7 470 494 2 3 1 3 6
3 0 1 0 1 2 86 88 2 1 0 2 1 0 0 1 0 2 10 0 6 5 7 2 7 16 10 12 0 1 2 3 3 3 31 13 0 1 1 1 0 2 1 1 1 1 1 1 0 0 1 2 0 0 0 0 0 0 0 0 1 1 1 0 0 0 0 0 0 1 1 6 2 2 0 2 1 1 0 0 8 7 3 3 3 3 16 449 458 1 3 1 2 0 2 5
5 2 0 0 1 5 178 1 0 0 3 0 0 1 2 1 0 3 11 0 1 7 6 11 8 17 11 13 1 0 3 7 12 17 22 69 1 2 0 2 2 1 3 2 2 2 2 2 2 1 0 0 0 0 0 0 0 0 0 0 0 0 0 0 0 0 0 1 1 1 4 5 7 6 0 1 3 2 2 1 1 9 8 4 9 414 427 5 1 0 2 0 1 1 4 1
9 0 1 1 0 191 3 2 1 4 1 1 2 3 2 1 0 4 12 0 1 2 15 12 9 0 44 2 0 0 0 0 0 1 2 5 79 3 0 1 3 3 2 4 3 3 3 3 3 3 2 1 1 1 1 1 2 1 1 0 0 0 0 1 1 1 1 1 2 2 3 0 6 15 0 1 2 4 3 3 2 5 375 394 399 3 3 2 1 0 1 0 0 3 0 0
10 1 2 2 209 15 12 6 5 2 0 2 7 3 0 2 1 5 13 0 3 3 16 13 10 0 46 4 1 0 0 1 1 0 1 0 0 81 4 1 4 14 19 21 27 32 4 4 4 4 7 2 0 2 2 2 2 5 2 1 1 1 1 0 2 2 2 2 2 3 0 4 1 7 16 1 2 3 5 340 353 358 4 3 3 2 2 1 0 0 0 1 2 5 6 7
262 237 232 224 4 1 1 4 3 0 1 3 8 5 0 3 2 6 14 1 4 4 17 14 11 1 47 7 1 0 1 2 2 0 0 0 1 0 82 5 0 0 0 0 1 2 37 44 51 58 65 75 82 87 88 93 98 103 114 2 2 2 2 1 3 3 3 0 3 3 4 246 257 264 273 292 299 307 329 3 3 3 3 2 2 1 1 0 0 1 2 3 4 0 1 2
12 1 3 2 2 1 0 0 0 1 2 4 9 6 1 4 3 7 15 2 5 5 18 27 2 0 0 58 0 1 2 3 3 1 1 0 0 2 84 6 0 0 0 0 0 0 0 0 0 0 0 0 0 0 0 0 0 0 33 156 161 167 178 185 190 203 211 215 220 235 239 2 1 3 0 3 3 5 10 2 2 2 2 1 1 0 0 0 1 2 3 4 5 6 7 34
9 1 0 2 1 1 0 0 0 1 5 5 17 0 2 5 0 12 16 3 6 25 28 3 0 0 1 64 1 2 3 8 2 2 0 0 1 1 88 7 1 1 0 1 1 1 0 0 0 1 2 3 4 5 6 20 24 32 3 2 0 1 3 3 7 2 2 2 2 2 2 1 0 2 2 2 4 7 1 1 1 1 1 0 0 0 0 1 2 3 4 5 6 7 25 2
6 1 0 1 0 0 0 0 1 1 2 30 1 0 3 6 0 14 17 4 7 55 4 0 1 0 1 0 72 3 4 9 6 0 1 1 2 0 2 97 2 2 1 2 0 2 2 1 1 0 1 3 5 9 12 2 3 2 2 1 0 2 2 4 1 1 1 1 1 1 1 0 1 1 1 3 4 1 0 0 0 0 0 0 0 0 1 2 3 4 5 6 7 16 1 1
4 0 0 0 0 0 0 1 1 2 2 36 1 0 4 7 1 15 23 8 72 15 7 4 0 0 2 3 0 74 84 10 7 1 2 2 3 1 0 101 6 0 2 3 0 1 3 3 2 2 0 0 0 1 1 1 2 1 1 0 1 1 1 1 0 0 0 0 0 0 0 0 0 0 2 1 1 0 0 0 0 0 0 0 1 1 1 2 3 4 5 6 7 0 0 0
2 0 0 0 0 1 1 1 2 5 3 37 3 0 5 8 2 40 88 78 4 2 1 0 0 1 3 5 6 7 8 94 11 10 6 0 6 0 0 2 110 0 3 4 1 0 2 4 7 3 0 0 0 0 0 0 0 0 0 0 0 0 0 0 0 0 0 0 0 0 0 0 0 1 0 0 0 0 0 1 1 2 1 1 0 2 2 3 4 5 6 7 8 9 10 11
0 0 0 1 1 3 0 2 2 3 6 42 5 0 6 9 44 92 2 1 0 0 1 0 0 0 0 1 3 4 5 6 102 12 19 7 1 0 0 0 3 112 4 5 2 1 0 3 5 12 1 0 1 0 0 0 0 0 0 0 0 0 0 0 1 1 1 1 2 0 1 1 1 2 0 0 0 1 1 3 2 3 2 2 1 0 3 0 1 2 3 4 5 0 0 0
0 0 0 1 4 2 5 0 3 3 4 7 49 1 7 155 99 5 4 3 2 1 0 0 0 0 0 0 0 2 3 4 5 103 41 2 1 0 0 1 7 113 5 6 3 2 0 1 4 6 13 2 1 2 1 2 1 1 0 1 1 1 1 1 1 2 5 9 12 17 2 2 0 0 3 1 1 3 6 9 14 18 26 3 0 2 1 4 5 6 0 0 0 6 1 1
2 0 0 2 3 9 13 6 1 4 4 5 58 2 174 9 8 7 6 5 3 1 0 0 0 1 1 0 0 0 2 4 5 12 162 0 2 1 1 0 1 124 6 7 4 3 1 2 0 5 7 14 3 6 12 3 2 0 3 2 0 2 2 2 2 2 0 0 1 3 23 31 1 1 0 4 2 3 5 6 7 8 9 37 42 44 48 51 52 53 7 1 1 1 7 2
4 0 0 0 1 2 3 18 26 7 0 5 65 184 5 4 3 2 1 0 0 0 0 1 0 1 2 2 1 0 0 0 1 2 3 168 3 2 2 0 0 0 125 15 5 4 2 3 1 0 6 8 24 25 28 43 48 3 5 3 0 1 6 3 3 3 0 0 0 0 0 1 34 4 1 0 5 0 0 1 2 3 4 5 6 7 8 9 10 11 54 8 2 2 5 14
5 1 0 1 0 1 2 3 0 27 8 1 257 7 6 5 4 3 2 1 0 0 1 2 0 1 2 3 3 2 0 0 0 0 0 1 176 3 1 0 0 1 127 16 6 5 3 4 2 1 7 0 0 1 0 0 1 56 62 72 80 2 7 4 4 4 1 1 0 0 0 0 1 46 49 0 1 6 0 0 1 2 3 4 5 6 7 8 9 0 13 69 79 83 84 200
6 2 0 1 2 0 0 0 4 1 28 11 275 8 7 6 5 3 1 0 0 1 2 3 0 1 2 3 4 4 3 1 1 1 1 0 183 3 0 0 1 1 130 24 6 0 4 5 3 2 8 1 0 0 1 2 4 0 2 1 1 84 88 102 5 5 2 2 1 1 0 0 1 1 1 52 54 57 7 9 10 11 12 13 14 15 16 17 18 29 30 108 109 110 114 1
7 3 0 1 2 3 1 1 1 5 2 317 4 3 2 1 0 0 0 0 1 2 3 4 1 0 2 3 4 10 16 4 2 2 2 2 189 0 0 0 1 4 156 7 2 0 5 0 6 7 11 1 0 0 0 0 0 1 0 0 0 0 0 1 103 12 3 3 2 2 1 0 0 0 0 2 4 5 64 65 66 67 68 69 70 71 72 73 74 75 76 0 1 2 0 0
8 4 1 0 2 3 4 2 2 2 6 332 5 4 3 2 1 0 0 1 2 3 4 5 2 1 3 0 4 0 1 19 25 32 0 6 191 0 1 1 2 162 8 5 1 0 0 6 1 15 14 1 0 0 1 1 0 0 0 0 0 0 1 0 2 104 17 4 3 3 2 1 0 0 0 0 1 3 4 5 6 7 8 9 10 11 12 13 14 15 16 17 18 19 20 21
14 2 0 0 1 3 4 5 3 3 343 4 3 2 1 0 0 0 1 2 3 4 5 6 3 2 4 1 0 5 0 1 2 3 37 1 199 1 2 2 3 172 6 2 1 0 0 1 7 18 17 1 0 1 0 2 2 4 6 8 1 1 1 2 1 3 105 23 4 4 3 2 1 1 0 0 0 0 1 2 3 4 5 6 7 8 9 10 0 1 2 3 4 5 0 0
18 0 1 0 1 2 4 5 6 4 356 2 1 0 0 1 1 0 2 3 4 5 6 7 7 0 5 2 1 0 6 7 8 9 10 49 2 202 3 3 4 186 5 1 0 0 0 1 2 45 2 1 0 2 1 0 3 4 5 6 18 22 25 28 32 35 4 130 5 5 4 3 2 2 1 0 0 0 1 3 5 7 8 9 10 11 12 13 25 26 0 0 0 1 8 1
19 1 0 2 1 4 3 5 6 369 0 1 0 1 2 0 2 4 4 5 6 0 15 8 1 0 6 0 3 2 1 0 0 1 2 3 54 210 0 4 192 1 0 0 0 0 1 1 2 52 2 1 0 3 2 0 1 0 0 1 0 1 3 5 7 9 48 56 194 6 5 4 3 3 2 1 1 0 0 0 0 0 1 2 3 4 5 6 7 8 27 1 1 0 0 9
20 2 0 1 3 0 5 4 6 378 2 0 2 0 3 4 5 5 14 7 1 16 0 9 2 1 7 1 0 7 2 0 1 0 0 1 2 269 1 198 2 0 1 0 1 0 1 2 2 59 2 1 0 0 4 3 1 2 1 0 0 0 0 0 0 1 1 1 3 207 6 5 4 4 3 2 3 0 0 0 1 2 3 4 5 6 7 8 9 10 20 49 52 55 57 59
21 0 3 1 2 4 1 6 5 7 383 3 0 1 9 6 22 15 0 2 17 0 1 10 0 3 10 2 0 1 11 1 0 2 1 0 0 1 272 202 7 5 2 0 2 0 1 2 3 69 2 1 0 0 1 5 4 2 3 2 1 0 0 0 0 0 0 0 0 0 209 223 5 5 4 7 1 1 0 0 0 0 0 0 0 0 0 0 0 1 2 3 4 5 6 13
22 0 1 4 2 3 5 2 10 6 396 1 2 10 7 23 0 1 3 18 0 1 2 11 0 1 6 11 3 1 2 12 3 3 0 2 1 0 275 212 0 0 0 0 3 0 1 2 7 70 2 1 0 1 0 2 6 5 3 4 3 3 1 1 0 0 0 0 1 2 3 4 235 6 13 2 0 2 1 1 0 1 1 1 1 1 1 1 1 0 1 2 3 4 5 2
