area.txt
ncols         436
nrows         156
xllcorner     -120.29571533203
yllcorner     47.130167104972
cellsize      0.000602592593
NODATA_value  -9999
[rows 0 to 72 of 156, columns 288 to 383 of 436]
38 39 65 4 4 10 14 19 24 0 20 10 1 3 7 13 18 19 28 29 34 35 38 44 58 65 0 7 19 0 2 4 6 1 2 37 39 41 0 4 7 10 13 0 0 1 9433 34 32 30 1 0 9 8 7 6 2 0 2 29 20 3 1 0 5 6 10 14 16 23 38 43 0 0 8 11 12 13 20 21 22 23 0 1 2 3 4 5 299 2 1 0 0 1955 1 0
8 15 3 3 3 4 2 3 3 3 3 7 0 2 2 4 3 3 3 2 0 1 4 0 11 5 5 3 2 2 1 0 0 0 6 26 0 0 2 1 1 1 1 16 18 9055 339 0 0 0 27 24 11 6 5 2 2 0 1 4 15 0 0 0 2 2 2 0 5 5 7 0 1 6 1 0 2 5 47 50 51 52 77 78 79 80 81 291 6 2 0 0 1 1911 39 0
2 2 2 2 2 3 1 2 2 2 2 2 3 1 1 3 2 2 2 1 0 3 0 10 0 3 4 2 1 1 0 1 2 5 24 0 0 1 0 0 0 0 0 1 2 9032 0 336 1 0 0 0 1 3 1 1 1 1 0 1 1 14 5 1 0 0 1 4 3 0 6 0 1 3 0 0 0 0 46 1 16 19 20 24 25 26 27 202 2 0 0 0 12 1897 37 0
1 1 1 1 1 2 0 1 1 1 1 1 2 0 0 2 1 1 1 0 2 0 2 5 2 1 1 1 0 0 0 0 1 0 22 0 1 4 5 6 7 8 9 10 11 9005 13 11 333 0 0 1 0 0 0 0 0 0 0 0 0 2 4 4 0 0 1 1 2 0 4 0 2 8 9 10 44 45 0 0 14 1 2 138 142 158 160 173 2 0 0 0 8 1896 2 32
0 0 0 0 0 0 0 0 0 0 0 0 0 0 0 0 0 0 0 0 0 0 1 2 1 0 0 0 0 0 0 0 8 20 0 0 1 0 0 1 0 0 0 1 8975 28 1 0 10 331 2 0 1 0 0 0 0 0 0 0 0 0 2 0 3 0 0 1 2 3 0 1 7 1 3 32 10 11 12 13 0 0 0 137 2 14 0 6 1 1 1 5 1 1895 1 1
0 0 0 0 0 0 0 0 0 0 0 0 0 0 0 0 0 0 0 0 0 0 0 0 0 0 0 0 0 2 4 6 6 3 0 0 1 0 1 0 2 1 1 8972 16 6 1 0 0 8 326 2 0 1 0 1 6 3 1 0 0 0 0 0 1 0 0 1 0 3 5 6 0 0 27 9 0 1 2 3 4 19 131 4 1 13 0 4 0 0 0 0 0 1894 0 0
1 0 1 2 1 1 1 0 2 1 1 1 1 1 1 1 1 1 1 1 1 0 0 0 0 1 1 1 0 0 3 5 2 0 1 3 4 7 1 2 1 3 8969 11 3 2 2 0 1 0 4 321 73 68 65 60 0 0 1 1 1 0 0 0 0 0 0 0 1 0 0 17 20 26 8 8 9 10 11 12 13 63 46 3 0 12 3 4 117 122 127 147 153 0 1738 0
2 0 1 2 5 2 2 1 0 5 2 2 2 2 2 2 2 2 0 4 2 1 1 1 1 2 2 2 0 1 0 0 0 0 0 0 0 1 12 0 3 8962 4 2 2 2 1 1 0 0 2 242 2 1 0 1 51 47 39 12 9 7 5 3 1 0 0 1 2 10 15 1 4 7 7 2 5 11 20 21 62 44 0 2 10 0 2 3 111 3 3 18 4 10 12 1723
3 1 0 2 9 3 3 2 0 1 9 3 3 3 0 6 6 0 0 1 8 2 2 2 2 3 3 3 1 0 0 0 0 0 1 1 1 0 0 8893 8901 53 1 1 1 1 1 0 0 1 2 236 1 1 0 0 1 1 2 23 20 14 8 2 1 0 0 2 6 3 0 3 6 6 1 1 4 7 3 17 21 43 0 0 9 1 0 1 110 2 2 17 3 9 0 28
12 2 1 0 3 14 4 3 1 0 12 8 0 4 1 7 7 1 1 2 9 3 3 3 3 8 0 0 4 3 0 1 1 1 1 2 2 2 8877 4 1 51 0 0 0 0 0 0 0 1 1 232 0 0 0 0 0 0 1 1 1 2 4 4 2 0 0 2 1 0 2 5 5 0 0 3 6 2 12 5 20 11 30 1 6 0 0 107 1 1 1 16 2 8 5 21
13 3 2 1 0 19 5 4 2 1 13 9 1 5 2 0 16 2 2 3 10 4 4 4 13 1 0 0 1 5 5 0 4 0 2 5 8101 8871 0 3 0 1 48 4 3 2 1 0 0 0 1 220 10 9 8 6 1 0 0 0 0 1 2 0 0 0 0 0 0 1 4 3 0 1 2 5 1 11 4 2 10 10 29 0 5 0 106 0 0 0 13 1 1 7 4 20
14 4 3 2 1 20 6 5 3 2 14 10 2 6 3 1 17 3 7 4 11 0 5 7981 7996 2 1 1 2 6 0 7 0 8076 8087 8091 2 762 2 0 1 0 1 40 34 3 2 1 0 0 1 1 213 2 1 0 3 2 1 0 0 0 0 0 0 0 0 0 0 0 2 2 0 1 4 0 10 3 1 9 2 6 14 13 4 0 102 0 0 12 0 0 4 1 3 19
7119 7140 7156 7164 7172 7203 7218 7226 7243 7251 7260 7293 7300 7322 7330 7339 7365 7369 7377 7388 7409 7414 7416 547 6 8005 8013 8021 8032 8044 8050 8064 8068 3 2 2 1 0 760 1 0 0 0 0 3 29 2 1 0 0 0 1 1 205 2 1 0 0 0 1 0 0 0 0 2 1 1 0 0 0 0 1 0 1 2 9 2 0 8 1 5 10 2 12 3 9 0 90 6 0 2 3 0 2 18 45
2 14 10 3 6 6 6 6 9 2 4 5 2 13 2 7 4 2 6 1 2 2 0 546 5 0 1 4 6 3 3 4 2 2 1 1 0 0 745 13 8 1 0 0 1 2 22 12 4 1 0 0 4 2 193 0 1 0 1 2 1 1 1 38 33 26 17 12 3 2 1 0 0 1 2 2 1 7 0 4 9 1 10 0 2 8 68 20 5 1 0 1 1 17 43 0
1 13 9 2 5 5 5 5 8 1 3 4 1 12 1 6 3 1 5 0 1 1 0 544 2 1 0 3 5 2 2 3 1 1 0 0 0 1 743 1 1 5 3 1 0 1 2 5 6 1 0 0 2 1 2 188 101 97 92 87 80 46 42 1 2 2 3 2 6 3 1 0 0 1 1 0 0 5 3 8 0 3 5 1 4 2 67 19 4 0 0 0 16 22 19 10
0 12 8 1 4 4 4 4 7 0 2 3 0 11 0 5 2 0 4 0 0 11 15 523 3 1 0 2 4 1 1 2 0 0 0 1 2 3 735 0 0 0 0 0 0 0 1 1 2 5 0 1 0 0 0 85 0 2 1 2 5 22 0 0 0 1 1 2 1 1 0 0 0 0 0 2 4 2 3 3 2 4 0 3 1 63 2 18 3 0 14 15 21 18 9 2
0 10 7 0 3 3 3 3 3 2 1 2 0 9 3 0 1 3 2 7 10 0 1 522 3 2 0 1 3 0 0 1 0 1 2 3 4 5 718 9 8 7 6 2 1 0 0 0 1 1 2 0 1 4 11 71 0 1 0 1 1 2 21 16 1 0 0 0 1 0 0 0 0 0 0 0 1 2 0 1 1 3 2 0 62 1 16 0 2 12 8 20 17 4 3 1
0 8 3 2 2 2 2 2 2 1 0 1 6 1 2 0 2 1 1 1 1 0 0 513 2 2 1 0 1 0 0 0 1 2 3 4 5 22 690 3 2 1 0 2 1 0 1 0 0 0 1 0 1 2 2 68 1 0 0 0 0 1 1 1 13 8 5 2 0 0 0 0 1 1 1 0 0 0 0 0 0 1 1 61 0 9 5 1 10 0 7 10 16 3 2 0
4 2 2 1 1 1 1 1 1 0 0 0 4 0 1 1 0 0 0 0 0 1 509 3 2 1 1 0 0 0 1 2 3 4 5 6 15 209 476 2 1 0 0 0 0 6 3 2 1 0 0 0 1 1 1 5 59 1 0 0 0 0 0 0 1 1 1 1 0 0 0 1 1 2 2 2 0 0 0 0 0 0 60 2 8 4 0 7 1 6 4 4 15 2 1 0
1 1 1 0 0 0 0 0 0 0 1 2 0 0 0 0 1 2 3 4 0 498 1 1 2 1 0 0 0 1 2 3 4 5 6 7 207 0 1 473 455 1 15 13 11 3 2 1 0 0 0 0 0 0 1 2 0 55 50 41 0 0 0 0 0 0 0 0 0 0 2 4 7 10 26 32 40 42 46 51 54 59 1 0 3 3 6 0 5 3 3 3 10 1 0 11
0 0 0 0 0 0 0 0 0 0 0 1 0 0 0 0 0 0 0 420 490 4 0 0 0 1 0 0 1 2 3 4 5 6 7 205 0 0 3 7 4 452 0 0 0 0 0 0 1 1 0 0 0 0 0 0 1 1 2 3 38 33 23 3 1 0 0 0 0 2 4 6 8 11 1 1 0 2 1 1 1 1 0 2 2 2 2 4 2 2 2 5 3 0 9 0
0 0 0 0 2 1 0 1 1 1 1 0 4 0 1 1 1 389 419 2 1 58 3 2 1 0 0 0 2 5 7 9 10 11 191 3 0 1 0 6 3 1 432 1 1 1 1 2 2 1 1 1 0 0 0 0 0 0 1 2 2 3 3 17 9 6 3 0 0 0 0 0 0 0 0 0 0 0 0 0 0 0 1 1 1 1 1 1 1 1 1 4 2 4 3 3
2 0 1 2 3 2 0 1 2 2 2 2 0 345 355 370 385 25 0 1 0 2 54 3 2 1 0 0 1 0 0 0 1 118 59 0 1 0 0 4 2 0 8 419 409 2 3 3 2 0 2 2 1 2 1 0 0 0 0 1 1 2 2 2 3 1 0 0 0 0 0 1 0 0 0 0 0 0 0 0 0 0 0 0 0 0 0 0 0 0 1 1 1 3 2 2
4 1 2 3 0 4 4 0 6 301 309 315 339 7 7 1 13 21 2 0 1 1 0 46 2 1 0 0 0 1 2 3 113 1 56 1 0 0 0 2 1 0 6 1 4 403 4 3 0 1 3 3 22 18 11 8 5 2 0 0 0 1 1 1 1 0 0 0 0 1 1 0 2 1 1 2 1 1 1 1 1 0 0 0 0 0 0 0 0 0 0 0 0 1 1 1
154 159 165 171 174 175 181 285 290 6 1 0 17 6 6 0 12 17 2 1 0 0 1 6 33 1 0 0 0 0 1 2 108 0 2 52 1 0 0 0 0 2 2 0 3 17 375 370 0 2 33 24 0 0 0 0 0 0 0 0 0 0 0 0 0 0 0 0 1 1 2 2 1 35 40 44 52 57 61 2 2 1 1 1 0 1 1 1 1 1 0 0 0 0 0 0
2 1 1 0 0 0 95 1 3 5 0 1 14 5 5 5 5 4 11 1 0 0 1 3 1 28 0 0 1 1 2 87 15 0 1 0 48 34 1 0 0 0 1 2 12 3 3 2 360 354 1 0 2 1 0 0 0 0 1 1 1 0 0 0 0 0 1 4 8 13 19 24 29 1 0 1 1 0 0 63 72 75 2 2 1 2 0 2 4 161 164 165 167 310 315 316
1 0 0 0 1 91 1 0 2 4 0 1 11 4 4 4 4 3 8 1 0 0 1 0 0 25 0 0 2 5 81 1 5 8 0 0 9 1 31 1 0 0 1 7 3 2 2 1 1 0 316 258 0 0 1 1 0 1 4 2 1 1 1 1 0 0 0 1 1 1 0 0 0 0 0 0 0 0 0 1 40 45 123 129 133 142 146 151 153 0 0 0 141 1 1 0
0 0 1 2 3 81 2 0 1 3 0 6 3 3 3 3 3 2 6 0 0 0 0 1 23 0 0 1 2 72 1 0 4 2 4 4 3 0 8 19 0 0 3 2 2 1 1 0 0 0 50 4 253 244 2 0 1 7 17 13 10 7 4 1 1 0 0 0 0 0 1 2 14 15 21 24 28 31 35 39 1 1 0 1 1 0 1 0 0 0 117 136 2 0 0 1
1 2 3 4 70 6 2 1 0 2 0 4 2 2 2 2 2 1 2 2 0 3 7 17 1 0 0 1 13 50 3 0 3 1 3 3 2 3 3 4 12 0 2 1 1 0 0 0 17 47 1 3 3 2 238 233 10 20 1 0 1 0 0 2 1 0 0 0 2 4 7 10 2 4 1 2 0 1 1 0 0 0 0 0 0 0 0 102 113 115 2 12 0 1 0 4
1 44 46 57 3 2 5 1 0 1 1 1 1 1 1 1 1 0 1 1 1 2 6 1 0 5 7 10 8 37 2 2 2 0 2 2 1 2 2 3 3 6 1 0 0 0 9 15 20 7 0 2 2 1 0 2 220 0 0 2 0 1 3 6 3 1 0 0 0 1 1 1 0 0 0 0 0 0 0 0 1 2 0 0 1 95 100 4 4 0 1 9 1 0 3 3
41 0 6 2 2 1 2 1 0 0 0 0 0 0 0 0 0 0 0 0 1 1 3 0 4 0 1 3 3 34 1 1 1 1 1 1 0 1 1 2 2 4 0 0 1 7 0 3 19 5 0 1 1 0 1 0 164 32 30 25 22 18 12 3 2 1 0 0 0 0 0 0 1 0 0 0 0 1 53 61 62 67 78 85 89 1 3 3 3 0 5 2 0 2 2 2
2 2 2 1 1 0 0 0 0 0 0 0 0 0 0 0 0 0 0 0 0 0 1 1 1 0 2 2 5 26 0 0 0 0 0 0 0 0 0 1 1 2 0 0 1 2 2 2 15 2 1 0 0 0 0 1 61 98 0 0 0 0 0 0 0 1 1 0 0 1 2 3 4 7 9 38 44 50 0 4 3 3 2 4 2 0 2 2 2 2 1 1 1 1 1 0
1 1 1 0 0 0 0 0 0 0 2 1 1 1 0 2 1 1 1 0 0 0 0 0 0 1 1 2 1 1 23 18 6 5 4 3 2 1 0 0 0 0 0 0 1 1 1 7 3 2 1 0 0 1 2 9 50 60 35 0 0 0 0 11 9 6 3 0 0 1 2 3 4 19 26 3 0 3 3 2 2 1 1 1 1 1 1 1 1 0 0 0 0 0 0 1
0 0 0 0 0 0 2 1 1 1 0 5 2 2 0 4 2 4 1 1 0 0 0 0 0 0 0 0 0 0 1 1 10 8 5 3 2 1 0 0 0 0 0 0 0 0 1 4 2 1 0 2 3 4 5 48 0 1 57 33 29 27 24 10 8 4 1 0 0 0 0 11 13 4 0 2 2 2 1 1 0 0 0 0 0 0 0 0 0 0 0 0 0 0 0 0
0 0 0 0 1 1 1 5 2 2 0 7 3 3 1 0 8 7 0 2 1 1 1 1 1 0 0 0 0 0 0 0 0 0 0 0 0 0 0 1 1 1 1 0 0 0 1 1 1 0 1 2 5 8 40 5 0 0 1 54 1 0 0 0 0 2 1 0 0 3 9 0 1 1 1 1 1 0 0 0 1 7 8 9 10 11 12 0 0 1 1 1 1 1 1 1
1 0 1 2 2 0 2 2 9 3 1 8 4 4 2 1 9 8 1 3 2 2 2 2 2 1 1 1 1 1 0 0 0 0 0 0 1 1 1 2 2 4 1 1 0 0 0 0 0 0 1 1 1 2 27 2 1 0 0 1 50 13 11 7 4 0 1 0 0 1 1 0 0 0 0 0 0 1 2 3 4 0 1 2 3 4 5 19 1 1 2 2 2 5 2 2
2 1 2 3 3 1 3 0 13 4 2 9 5 2327 2341 2348 2359 9 2380 2389 2396 3 3 3 3 2 2 2 2 3 1 1 1 0 1 0 3 0 4 3 8 2 6 3 1 0 0 0 0 0 0 0 1 1 21 2 1 0 0 1 19 13 0 2 1 2 0 0 0 0 0 0 0 0 1 2 0 0 1 0 0 0 0 0 0 0 0 0 20 25 26 3 3 0 6 3
3 2 3 4 4 2235 2245 2258 2277 2287 2295 2310 2315 4 4 3 3 2367 3 2 1 2408 2419 2430 2437 2447 2451 3 7 0 2 2 2 1 2 0 5 1 5 4 22 9 1 0 1 0 1 1 1 0 0 0 0 1 4 13 1 0 0 1 16 7 4 1 1 0 0 0 0 0 0 2 0 1 0 0 3 1 0 2 1 1 1 1 1 1 1 1 1 0 0 28 33 38 1 9
2184 2200 2210 2221 2232 4 8 1 3 3 3 3 3 3 3 2 2 2 2 1 0 8 1 5 1 5 1 2458 2474 2477 2484 0 3 2 3 1 0 8 6 31 2 1 0 2 0 1 2 2 2 1 1 0 0 0 2 7 4 0 0 4 10 2 3 1 0 0 0 0 1 1 3 1 3 1 2 1 1 6 2 1 3 2 2 2 2 2 2 2 2 2 1 0 0 0 39 0
5 5 4 4 4 3 7 0 2 2 2 2 2 2 2 1 1 1 1 0 4 2 0 4 0 4 0 3 2 0 5 2493 2498 3 4 2 1 9 40 0 0 0 0 3 1 2 3 3 3 2 3 0 0 0 0 2 3 3 2 0 9 1 1 0 0 0 0 1 3 0 0 4 2 4 2 3 2 0 7 3 2 4 3 3 3 3 3 3 3 3 3 2 1 1 1 353
4 4 3 3 3 2 2 3 1 1 1 1 1 1 1 0 0 0 0 0 2 1 1 1 0 2 0 1 1 1 2 0 1 2503 2514 2518 2 51 0 1 1 0 1 4 2 3 4 4 4 12 4 2 0 0 0 1 2 2 1 0 4 2 0 0 0 0 1 3 2 4 2 5 0 3 5 3 4 3 1 8 16 0 6 11 20 4 0 4 4 8 0 4 290 305 309 1
3 3 2 2 2 1 1 2 0 0 0 0 0 0 0 0 0 0 0 0 0 0 0 0 0 0 0 0 0 0 0 0 0 0 0 0 2846 2899 3 2 1 2 0 5 3 4 44 32 25 10 8 6 4 2 0 0 1 1 0 1 1 0 0 0 1 3 1 0 5 9 18 6 1 4 0 6 4 5 4 2 0 17 0 0 0 21 231 236 245 268 279 281 8 0 2 0
2 2 1 1 1 0 0 0 0 0 0 0 0 0 0 0 1 1 2 0 0 0 0 0 0 0 0 0 0 0 0 0 0 0 312 320 1 0 2907 3 5 0 1 6 56 46 0 0 0 0 0 0 0 0 0 0 0 0 0 0 0 0 0 0 1 2 8 12 14 16 21 53 54 59 6 7 5 6 5 0 3 19 0 1 190 224 3 2 1 5 8 0 5 1 1 0
1 1 0 0 0 0 0 0 0 1 0 1 2 1 1 1 2 5 3 1 1 1 1 1 1 0 1 1 1 2 0 298 306 310 3 2 0 1 3 2919 7 0 9 57 0 0 0 0 0 0 0 0 1 1 1 0 0 0 1 0 1 5 0 0 0 0 0 0 0 3 2 1 1 1 63 72 82 113 136 138 150 155 181 186 4 4 2 1 0 4 7 2 1 0 0 0
0 0 0 0 0 0 1 1 1 1 112 120 131 139 144 148 153 154 176 185 196 199 2 2 2 1 0 2 2 291 294 1 3 2 2 1 0 2 2 3 2948 2968 58 1 1 1 1 1 1 1 1 2 2 2 1 1 0 0 0 3 5 6 7 0 1 1 0 1 2 1 0 0 0 0 0 0 16 8 6 2 3 3 3 3 3 3 1 0 3 5 0 1 0 0 1 2
0 0 0 1 1 1 1 2 94 108 4 3 2 4 1 0 3 14 2 0 5 0 213 232 241 249 253 263 273 8 1 0 2 1 1 0 1 1 2 2 20 4 3033 4 2 0 2 2 4 2 3 3 3 2 2 1 1 0 0 0 0 1 9 19 0 4 0 0 0 0 1 2 3 4 13 15 7 1 3 1 2 2 2 2 2 2 0 2 3 0 0 0 1 2 3 4
0 1 1 1 4 65 83 88 4 3 3 2 1 3 0 2 0 12 1 0 3 6 4 11 4 4 1 5 8 1 5 0 1 0 0 0 0 1 1 19 3 2 9 3049 4 0 6 5 3 4 0 12 3 3 2 2 1 1 0 0 1 2 5 7 29 6 2 0 0 0 1 2 4 7 0 1 4 0 2 0 1 1 1 1 1 1 1 1 0 0 1 2 3 4 5 6
1 3 2 2 57 8 3 3 3 2 2 1 0 2 1 0 9 1 0 2 5 3 3 6 3 3 0 4 7 0 2 1 0 0 0 0 0 0 18 2 1 2 2 2 3058 15 6 4 0 6 13 0 4 0 6 5 2 1 0 0 0 1 0 0 0 31 10 2 0 0 0 0 0 0 0 1 1 0 0 0 0 0 0 0 0 0 0 0 1 2 3 4 5 6 7 8
4 0 5 53 3 3 2 2 2 1 1 0 1 0 2 5 1 0 1 4 2 2 0 4 2 2 2 0 4 1 1 0 1 3 6 10 15 17 1 0 1 1 1 1 3 3079 5 1 7 14 1 0 5 23 14 7 6 3 1 0 0 1 2 3 0 1 32 15 1 0 1 0 0 0 0 0 0 0 0 0 0 0 0 0 0 0 0 0 0 0 0 1 2 3 4 5
3 33 40 2 2 2 1 1 1 0 0 0 0 1 0 0 0 0 1 1 1 1 1 1 1 1 1 1 1 0 0 0 0 0 1 1 0 0 0 0 0 0 0 0 2 3 3088 8 15 2 0 37 29 4 3 2 1 0 1 0 0 0 1 2 7 11 15 66 2 3 0 1 1 1 0 0 0 1 1 1 1 1 1 1 1 1 1 1 1 1 1 2 3 4 0 0
23 2 2 1 1 1 0 0 0 0 0 0 0 0 0 0 0 0 0 0 0 0 0 0 0 0 0 0 0 0 1 0 1 0 0 0 0 0 0 0 0 0 0 1 0 1 3095 29 3 1 39 0 2 1 0 0 0 2 1 1 0 0 0 1 2 0 0 0 70 78 1 2 2 2 1 1 1 2 2 2 2 2 0 2 2 4 0 2 2 2 2 0 0 1 7 9
1 1 1 0 0 0 0 0 0 0 1 1 1 1 1 1 1 1 0 0 0 1 0 1 2 3 4 5 6 1 0 2 0 2 0 0 1 2 0 2 0 2 0 0 0 1 2 3126 2 40 0 4 0 0 1 1 3 2 2 1 1 0 0 0 1 2 0 1 0 1 92 3 3 3 2 2 2 3 3 3 3 3 1 0 6 5 1 3 3 3 3 0 1 0 0 1
0 0 0 0 0 0 1 0 1 1 3 2 0 2 4 2 2 2 2 0 0 0 2 0 0 1 2 3 5 13 18 21 26 30 37 40 47 51 56 66 72 80 83 88 91 94 97 3228 44 1 5 0 1 2 2 0 7 3 2 2 1 1 0 0 0 0 4 6 7 8 0 105 4 4 3 3 3 4 4 4 4 4 2 1 0 13 2 4 4 4 4 1 0 2 1 0
0 0 0 0 1 1 1 3 2 0 2 7 0 1 8 3 3 6 0 1 1 1 3 1 0 0 0 0 0 1 0 0 1 1 1 4 0 2 8 1 2 0 2 1 1 1 0 1 3276 13 4 2 3 0 3 29 19 14 9 5 2 1 0 0 1 1 0 0 2 4 6 1 110 125 130 4 4 5 5 5 5 5 3 2 1 0 22 0 5 5 7 1 0 0 3 2
0 1 1 1 1 2 2 2 7 1 0 3 9 0 11 4 11 1 0 2 2 2 4 3 0 1 1 0 0 0 0 0 0 0 1 1 1 1 2 0 1 1 0 0 0 0 1 2 3294 47 46 45 40 38 33 2 1 0 0 0 2 0 1 1 2 2 0 0 0 0 0 1 1 1 2 138 148 155 171 181 188 6 4 3 2 1 24 6 0 14 2 1 0 0 1 4
1 1 2 2 2 2 3 3 86 103 108 115 129 134 135 157 170 2 1 3 3 3 9 1 0 2 2 1 1 1 1 0 0 0 0 0 0 0 0 0 0 0 1 2 3 4 5 6 3351 0 0 0 0 0 0 0 0 0 1 3 4 2 0 2 3 3 1 0 0 0 0 0 0 1 1 1 3 0 2 2 2 204 213 4 3 2 32 0 1 18 2 1 0 0 1 2
2 2 2 3 7 58 74 78 2 2 2 1 2 2 0 2 2 180 185 195 203 208 12 1 0 3 3 2 2 2 2 2 0 0 0 0 0 0 0 1 2 3 5 7 9 11 13 16 3369 1 1 1 1 1 1 1 0 3 11 6 0 0 0 4 4 4 2 2 1 0 0 0 0 0 0 0 1 1 1 1 1 2 2 216 232 269 0 1 21 3 2 1 0 1 0 2
4 8 32 39 46 3 3 2 1 1 1 0 1 1 1 1 1 3 0 2 2 2 215 232 0 4 4 3 3 3 6 1 0 2 0 1 0 1 1 0 0 0 0 0 0 0 1 1 3 3378 2 2 2 2 2 0 19 13 0 0 1 1 0 0 5 16 3 3 3 1 1 0 0 0 0 0 0 0 0 0 1 1 1 2 2 3 278 2 26 3 2 0 3 0 0 1
9 19 2 2 2 2 2 1 0 0 0 0 0 0 0 0 0 1 1 1 1 2 2 5 244 5 5 4 4 4 7 3 3 1 2 0 0 3 2 1 0 1 0 0 0 0 0 0 1 3 3386 6 3 3 1 21 0 0 1 2 0 2 2 0 0 0 21 4 6 2 1 0 1 1 1 0 0 0 0 0 0 0 1 1 2 2 0 287 31 3 0 5 1 1 0 0
5 2 1 1 1 1 1 0 0 0 0 0 0 0 0 0 0 0 0 0 1 1 1 1 1 247 261 263 275 281 12 4 2 3 1 0 0 1 7 2 1 2 1 1 0 1 0 0 0 0 1 3394 34 25 22 0 1 2 0 3 1 6 1 0 0 1 1 34 3 2 1 0 2 2 2 1 1 1 1 0 0 0 0 1 1 1 3 1 323 5 0 6 4 1 0 0
2 1 0 0 0 0 0 0 1 3 5 8 1 1 1 1 0 0 0 0 0 0 0 0 0 0 0 0 0 0 301 3 4 2 0 1 1 0 2 11 2 3 2 2 1 2 1 0 0 0 0 3433 0 0 1 2 3 0 1 4 9 2 1 0 0 1 2 41 6 2 1 0 0 6 3 2 4 2 0 1 0 1 0 0 0 0 0 0 0 325 14 5 2 1 0 0
0 0 0 0 0 0 0 0 0 0 1 2 14 2 2 2 1 1 0 1 0 0 0 0 0 0 0 0 1 2 3 311 3 1 0 2 0 2 1 15 3 4 3 3 2 3 2 1 1 1 0 3435 0 1 2 3 4 1 2 15 3 2 1 0 0 1 5 49 0 2 0 0 1 8 4 8 3 1 0 0 3 2 0 0 0 0 0 1 2 3 345 9 2 1 0 0
0 0 1 1 1 1 0 1 1 1 0 0 1 17 27 0 2 2 1 0 3 1 1 1 1 0 1 1 0 0 1 322 2 0 1 3 1 0 5 0 20 5 4 4 0 7 3 2 2 5 10848 10851 3437 2 3 4 5 2 19 4 3 2 1 0 0 1 58 1 3 1 0 0 1 2 14 13 2 1 0 0 1 7 1 1 0 1 3 4 5 6 7 370 2 1 0 0
1 2 2 2 2 2 1 0 4 2 1 0 0 1 2 35 3 0 2 0 1 6 2 2 2 1 2 0 2 1 0 324 4 0 2 4 2 0 7 1 21 6 10786 10797 10803 10818 10822 10833 10837 10840 1 3 10856 14295 7 5 6 3 25 4 3 2 1 0 0 1 63 4 2 1 0 0 1 2 18 17 2 1 0 0 1 10 2 2 1 0 0 0 1 2 3 371 4 1 0 0
1 2 6 6 3 3 0 2 1 8 3 0 0 1 2 3 40 1 3 1 0 2 10 3 3 2 3 1 3 2 0 0 330 1 3 5 3 5 14 15 10756 10780 1 2 3 5 2 2 2 1 0 2 2 7 14304 14 7 4 26 5 7 2 0 1 1 2 69 6 2 1 0 0 1 2 40 3 2 1 0 1 0 2 14 3 2 1 0 1 0 0 1 381 0 0 1 1
0 2 0 8 20 4 1 0 3 11 5 0 0 0 1 2 48 2 4 2 0 1 3 15 4 3 0 6 4 3 1 1 331 2 0 4 6 10703 10706 10711 3 15 0 1 2 4 1 1 1 0 1 1 0 2 0 14343 14359 14373 0 33 11 1 0 2 2 73 8 0 2 0 1 0 1 2 47 7 2 1 2 0 0 1 3 19 3 2 1 2 0 1 0 385 1 0 2 2
1 0 3 0 1 28 2 1 0 4 19 1 0 0 0 0 1 54 5 3 0 1 2 20 5 4 1 7 5 0 10288 10305 10641 10657 10663 10674 10680 14 1 3 2 11 2 0 1 3 0 0 0 0 0 0 1 0 29 6 3 4 14380 0 46 2 4 0 3 83 0 3 0 1 2 1 0 2 0 59 2 0 3 1 1 0 2 24 4 3 2 3 1 0 2 1 388 1 3 3
2 1 4 0 0 0 33 2 1 0 27 1 0 1 0 1 0 0 55 10 1 0 2 24 6 0 10246 10266 10276 10282 5 5 2 11 3 4 4 13 0 2 1 7 2 1 0 0 1 2 5 7 8 9 20 27 5 0 1 3 10 14392 14441 3 5 1 88 1 4 0 1 2 3 2 1 3 0 61 3 1 4 2 2 1 3 0 30 4 3 4 2 1 3 2 389 2 4 4
3 2 5 0 2 0 0 34 40 1 30 0 1 2 0 1 2 1 1 56 13 0 4 0 10230 10239 6 1 2 4 4 4 1 10 2 3 3 9 2 1 0 2 3 1 0 0 1 1 0 0 6 9 5 1 2 0 2 2 2 2 9 14456 6 2 89 2 5 1 2 3 4 3 2 4 1 62 4 2 5 3 3 2 4 1 31 5 4 24542 24557 24565 24574 24578 24969 24980 25098 25103
4 3 6 0 4 1 1 0 0 41 76 0 2 0 3 1 2 3 4 57 0 14 10183 10190 12 0 5 0 1 3 3 3 0 9 1 2 2 2 5 1 0 1 1 0 0 0 0 0 2 4 1 2 1 0 1 1 1 1 1 2 2 1 14462 14473 90 3 6 2 3 4 5 4 3 5 2 63 5 3 10 24406 24414 24454 24463 24471 24510 24524 24531 5 4 4 3 1 6 107 3 3
5 4 7 1 5 2 2 1 1 0 0 78 3 1 4 0 5 4 5 10077 10150 10154 11 0 4 6 0 3 0 2 2 2 2 5 0 1 1 1 1 2 0 0 0 0 0 0 0 0 0 0 0 0 0 0 0 0 0 0 1 1 0 2 1 3 14479 14572 14584 3 4 10 6 5 4 6 24289 24364 24379 24383 24390 2 31 3 2 4 5 6 5 4 3 3 2 0 3 106 2 1
6 5 8 2 6 3 3 2 2 1 1 79 0 6 0 7 10048 10058 10076 6 5 2 3 6 3 0 4 1 0 1 1 1 1 2 1 0 0 0 0 0 0 0 0 0 1 2 0 1 0 0 0 0 0 0 0 0 0 0 0 0 1 0 0 0 0 0 1 14587 14592 24005 24022 24257 24268 24285 3 5 7 2 5 1 30 2 1 3 4 5 4 3 2 2 1 0 1 102 2 1
7 6 9 3 7 4 4 3 3 2 2 80 0 1 10020 10033 5 2 5 5 4 1 2 3 1 2 1 1 0 0 0 0 0 0 0 0 0 0 0 0 0 0 1 1 1 5 1 2 1 1 1 0 1 1 1 2 1 0 0 0 0 0 0 0 1 2 3 9403 9411 4 224 1 3 3 2 4 6 1 4 0 29 1 0 2 3 4 3 2 1 1 0 0 0 97 2 1
