dem.txt
ncols         436
nrows         156
xllcorner     -120.29571533203
yllcorner     47.130167104972
cellsize      0.000602592593
NODATA_value  -9999
[rows 28 to 55 of 156, columns 315 to 377 of 436]
529.538 504.6548 494.9355 516.7643 529.4485 535.9101 538.7073 540.1737 543.1308 544.6202 535.1063 537.0556 533.4789 537.1108 561.6406 569.4832 567.0239 564.8303 563.2961 552.3437 527.1836 503.4178 484.6921 494.8759 501.4498 498.2718 488.9687 484.534 492.5605 502.9564 519.9543 543.5068 568.6147 589.4243 609.2653 624.7243 634.8092 644.6423 650.788 652.1754 651.7137 649.1105 646.4356 640.8635 635.6381 631.5645 625.7407 622.1033 616.2891 612.8879 607.4081 602.8993 600.8179 597.6723 593.6945 590.4697 587.7551 583.9058 578.5629 575.0094 564.7012 560.7224 558.9404
533.0152 514.5971 509.9033 529.2193 543.8685 555.2877 563.6312 566.4424 570.6864 573.6251 565.4443 570.7652 568.1061 569.2337 570.8783 588.5726 599.8745 598.473 575.2713 552.2932 523.6044 512.6074 511.3015 526.8553 534.0824 533.4802 529.993 522.3226 503.4426 495.3688 518.326 537.808 558.6352 581.4492 599.767 616.4238 629.0803 639.8566 648.4377 651.6399 652.0986 651.118 649.4093 645.9955 641.3664 637.8449 633.8276 628.629 625.3112 621.2228 614.5886 609.5482 602.9286 598.2021 593.1351 589.321 587.3726 582.351 575.0311 572.5085 571.1953 571.8461 570.5638
547.0995 529.8287 522.4904 540.1169 555.5831 569.8914 580.5679 588.7939 596.5479 604.4243 604.9147 601.9011 597.765 593.1475 590.8776 608.7291 615.9323 606.4939 578.014 566.723 554.4783 529.9321 539.3665 554.4332 562.6746 564.6626 562.5272 548.1077 531.1763 502.0085 510.1896 526.4693 539.5325 558.8999 577.1176 605.9089 624.8588 636.8646 645.2958 650.5907 651.9641 651.7813 650.134 647.7391 643.4909 639.1533 635.0641 629.7437 625.0396 620.595 613.7396 608.0033 598.2222 596.5859 591.9188 587.3669 586.0086 583.3959 581.9959 580.5147 580.0182 579.3021 577.6896
558.6843 541.0036 534.265 549.8893 567.9737 579.1495 588.3669 599.4617 610.444 621.7235 626.3366 632.8959 632.8081 627.3657 620.8665 633.4371 636.9736 623.4421 610.6917 594.7545 575.5059 552.5986 567.3123 578.4755 587.4464 590.9821 580.2936 559.0914 536.8741 515.0264 517.1364 540.8159 560.1327 580.9092 599.5687 614.6777 625.9081 635.3478 642.7352 649.562 651.502 651.424 649.846 647.3735 643.1865 637.9901 633.0058 626.8636 621.7387 617.3174 612.3736 612.2051 610.1869 605.0839 601.2134 598.1686 593.1985 591.2451 590.1346 588.2141 586.5601 584.1045 581.9474
575.2255 566.899 559.0482 552.5862 571.3967 582.0786 590.6101 598.1193 611.4579 621.4723 631.0657 647.5757 656.8248 660.6198 657.9426 656.6344 656.89 647.3075 635.7415 612.3076 587.2808 588.7607 598.6798 603.4816 606.454 601.044 578.7443 555.6841 535.8992 525.3951 523.4421 537.0616 559.3557 580.8213 597.8288 606.0751 614.2335 627.215 638.1688 648.443 651.1807 651.2308 649.6992 647.4207 643.5992 637.277 633.0104 625.8989 623.9799 622.7368 619.9101 617.0154 613.4702 609.4 604.4031 601.3267 599.5197 597.2128 594.4619 591.705 589.1194 586.9645 586.5901
600.6571 590.6427 585.8723 582.1204 578.8749 583.6885 587.9193 598.3286 608.8256 619.2215 629.3452 648.3636 655.4366 662.8428 667.1066 675.0491 675.1678 667.0632 649.7925 635.2079 615.8951 624.4998 627.3917 628.8114 620.2031 600.4826 575.8455 553.043 541.0419 554.5527 553.847 542.2474 548.3868 567.1559 580.3716 598.4045 614.6476 628.0781 639.2928 649.9135 651.7178 651.5152 649.9301 648.2125 644.7791 638.2244 634.7673 634.8118 631.2253 627.9402 623.9937 620.063 616.1757 612.6133 608.8049 605.288 602.2712 599.3619 596.303 593.2392 590.677 588.675 586.0768
600.6945 602.2444 601.6684 601.0364 600.6145 601.5987 602.713 606.7733 613.0554 620.4019 625.9943 631.4481 633.0904 634.7342 637.3484 647.5763 661.9789 675.274 671.8693 655.9792 652.2139 655.261 653.8481 647.7507 630.6776 606.1412 583.4061 559.5005 560.6558 581.7585 587.3632 576.616 560.429 563.8441 589.7668 609.1318 623.8535 633.564 646.0256 651.6376 652.5734 651.6793 649.1456 646.9528 647.0714 645.0479 641.8311 639.3755 636.9808 633.1207 627.176 622.4897 618.3269 614.0101 610.0379 606.6362 602.6036 598.8057 596.0278 593.2531 590.2672 587.6463 584.2732
579.3875 583.826 584.5551 590.1932 599.6441 601.5684 602.6786 605.3717 607.074 606.2228 606.8929 603.9412 601.8852 596.4865 597.524 624.4976 642.3379 658.29 673.3688 681.8879 676.2078 674.1909 666.7169 658.6747 645.1259 618.3436 594.6605 573.1899 581.853 602.7263 612.873 605.5818 591.3555 569.7983 587.7227 608.2611 625.2784 637.8506 648.593 652.0623 653.0692 652.2159 650.6015 649.4526 648.8441 647.9822 645.4978 641.9806 638.5013 635.0079 629.1032 623.7344 619.3857 615.079 611.5891 607.8079 603.7102 600.0587 596.5866 592.4068 588.2996 584.8798 581.1475
542.1494 546.3182 551.1834 566.9591 579.9989 586.6927 591.77 594.782 591.6435 580.8048 580.4981 568.1644 571.4161 559.854 578.9362 596.0491 620.509 647.8025 665.8915 681.8383 684.3994 682.8877 673.3563 662.9871 650.9402 633.4525 610.1334 589.69 599.9512 617.7516 629.2245 628.1696 611.5333 594.4647 596.1616 616.259 631.8353 641.8738 649.0745 652.5703 653.5436 652.9089 651.6877 650.4963 649.446 648.587 647.0048 642.4283 638.1371 634.0029 628.6507 623.0817 619.0167 615.0104 611.5466 607.7275 603.6447 600.1317 595.9828 590.7614 586.7394 581.5906 575.024
498.2981 503.7832 517.9331 531.8377 540.7542 551.6626 559.2538 567.5974 570.3021 560.8633 552.9881 544.3936 539.4758 536.5548 565.8027 591.674 616.6144 635.8384 649.4659 654.9819 658.8847 663.4495 667.374 669.239 657.3391 645.8327 627.4642 611.8005 609.8586 631.3405 639.9149 639.8179 628.1378 612.0951 611.284 622.3016 638.3165 649.6486 653.0302 654.275 654.2516 653.231 651.575 649.7725 647.9619 647.6093 645.2879 640.8155 636.7228 632.0051 626.2114 621.6024 617.2703 613.0873 609.2537 605.329 601.3098 597.6093 592.6736 587.4113 583.4532 579.4134 576.02
494.9091 486.2856 485.5106 486.7297 502.9859 516.7849 526.793 531.3232 539.2248 534.8649 522.0869 521.2598 515.5546 542.3327 566.3661 587.5665 604.49 614.5469 618.6711 625.6288 630.5241 636.0983 642.7048 649.4448 656.8646 657.1746 649.3931 638.0707 631.8477 641.7678 649.3149 648.4079 639.1365 637.4598 638.1086 642.9247 648.4976 653.5499 655.2635 655.2509 654.1719 652.5548 650.7162 648.2278 645.577 643.3873 640.8878 637.7977 633.6703 628.3069 622.8599 618.7256 615.0181 610.6426 606.3749 601.8363 596.962 592.5544 587.2267 583.2562 579.5408 576.5226 573.5474
538.2615 523.8673 507.5953 488.2765 477.0049 477.6572 478.3224 481.4866 496.2835 506.2742 496.2879 495.186 524.1725 545.2782 559.8867 570.2372 577.5169 583.0184 587.4288 592.2018 594.0507 600.4761 611.3375 622.204 637.2189 652.463 661.4909 661.679 657.0636 654.4751 655.8636 654.6166 652.8078 647.4008 651.3926 657.233 660.0653 658.7667 656.8079 654.7779 652.3885 649.9321 648.9335 647.7104 643.852 640.3007 637.4282 633.4584 630.1021 625.8366 621.014 615.9931 612.7409 608.625 602.8571 598.0872 592.3958 587.2845 582.9929 579.4478 575.642 571.3375 568.345
583.5869 567.8204 551.2195 531.3081 515.0412 497.5338 476.2418 469.782 471.4659 477.4297 473.9087 490.0533 504.011 523.4386 534.3453 542.8876 545.4662 548.8943 549.4024 554.4297 558.5 566.6314 578.1056 599.3986 621.4922 642.7218 658.5289 667.7073 667.9736 665.6968 663.937 662.3316 662.0253 658.3384 659.8368 661.757 661.14 659.7587 656.8028 653.3737 649.7276 645.9626 642.7682 639.8712 636.9559 635.3808 633.2128 630.2749 626.6308 623.2365 617.6021 612.8034 608.036 599.5068 597.4444 590.9572 585.1034 578.4606 576.1509 574.969 571.2247 565.7322 559.6052
608.3909 594.696 584.6064 576.2285 554.3112 537.4744 519.111 499.3922 477.1677 462.2544 459.3507 462.0092 475.3774 491.8641 506.2486 517.0554 516.6069 515.4497 514.6984 514.5184 529.2742 550.4881 573.2443 592.7521 615.9354 635.1852 654.5496 671.3749 675.2093 674.7026 673.534 672.2988 669.4363 666.0263 664.2347 662.976 661.2404 658.6099 655.439 651.8585 648.804 642.6953 635.7723 632.2515 629.8808 628.4572 627.3021 625.1054 621.9354 617.1709 613.2226 609.345 602.9092 599.8178 594.6816 590.1047 587.3187 578.4682 570.3259 560.3562 559.5402 553.1493 546.3841
596.5289 572.4016 561.8745 556.8407 546.9617 528.8737 512.1264 493.4549 476.3039 488.8153 478.797 453.593 455.1285 464.7059 483.5825 490.8367 489.4246 492.2579 509.0572 529.4478 550.231 570.1862 593.0746 612.7643 631.3159 648.7388 666.2276 677.0095 680.6537 679.4716 676.8502 674.3054 670.989 668.287 665.2543 663.146 661.0195 658.1162 654.5923 649.3807 646.0336 640.963 635.7169 631.5884 623.0716 621.5067 618.4219 614.1143 610.2719 607.1214 603.7988 601.0927 598.7553 592.8519 584.9018 583.3452 577.4543 571.3825 559.9584 560.7855 563.0062 563.5743 563.0001
586.8791 559.225 534.4057 524.8867 510.5055 497.6675 500.8416 505.9997 515.3047 521.283 504.0728 479.4329 450.6066 449.2664 461.4007 469.5288 479.9472 497.1372 513.7518 530.1765 545.3608 561.6764 577.2946 598.5561 616.1653 634.373 653.4406 670.9902 684.5943 682.2062 678.2764 674.8435 671.7766 666.1343 659.5958 661.3594 660.7772 658.3551 654.7024 651.3555 648.6681 644.7843 639.2222 635.5273 629.9655 625.4476 620.741 611.8251 605.9112 598.5691 592.494 587.9898 585.1646 580.6346 576.5609 572.3133 572.6251 574.5157 576.4253 577.4818 577.5141 576.6224 574.2289
570.8169 546.7529 519.3289 521.5895 527.0102 533.5161 539.5092 544.7061 549.9527 545.9259 520.1956 496.4956 473.4784 448.7108 445.9266 453.3226 472.0633 486.3022 497.6048 511.3692 524.8645 539.5956 555.3704 569.9235 588.7213 612.0989 636.2333 654.6346 670.6207 678.1116 676.8801 674.1401 670.2595 664.7893 659.1469 658.7327 658.3528 655.4465 652.756 650.5953 647.8287 644.7819 641.7926 638.6685 634.9341 629.9122 625.5823 619.5545 612.8409 606.7275 599.7531 595.6466 592.4249 590.853 589.1531 587.0385 585.0283 584.0476 583.6525 583.8893 583.2685 580.555 577.4001
533.7933 536.1281 536.9042 558.9478 571.2513 571.76 573.4343 579.1249 578.6955 557.7488 537.976 514.3017 488.6062 468.3206 449.601 442.0186 450.8173 465.3082 477.3991 486.3988 496.1352 506.7786 528.4376 551.5008 572.2982 593.4024 611.2968 634.3182 652.7444 665.1478 673.3715 673.8696 672.4032 667.5346 661.1642 656.2684 648.7355 649.4617 646.7993 648.4017 648.9163 647.2431 643.5051 639.3957 635.7073 630.9205 625.7348 620.9681 613.3287 608.7644 607.1489 605.2596 603.6405 601.2133 599.0703 596.9913 594.5215 592.297 590.6385 589.3552 586.8342 584.908 583.7546
573.9475 570.6677 578.2221 583.7492 598.6492 600.9771 601.3394 596.9781 587.546 575.5483 559.4503 536.945 514.066 494.5923 470.344 440.9788 438.1307 439.6336 454.5807 462.9051 478.075 496.1412 516.8194 530.8741 540.6107 566.3406 591.0601 612.2823 625.3899 638.7539 659.2947 672.4692 672.1137 667.9412 662.5451 656.2508 648.6027 644.5751 641.1045 642.2905 646.6437 647.8341 644.1509 639.5493 634.9648 631.0698 624.8577 622.9307 619.2263 616.1695 614.4714 612.6174 611.3183 608.761 606.103 603.5632 601.2371 598.7171 595.5502 592.6639 590.0164 588.3887 585.6076
606.899 600.4612 611.5012 609.777 614.5104 613.5598 609.7869 600.8973 588.3084 577.1203 566.6 547.9643 526.3621 509.2106 495.1169 474.8736 450.2355 434.8822 437.8868 452.3784 468.0791 480.3418 490.9779 506.8893 530.4665 549.179 565.6155 574.3534 593.4852 623.1749 648.3752 667.0337 672.5917 668.3589 663.7821 658.9988 652.5503 648.4348 637.3185 633.4281 636.0073 640.3605 640.4532 638.7328 636.9451 633.319 629.8417 626.8867 624.0346 621.2993 618.8964 616.4571 614.6466 612.9005 611.054 607.8656 604.0922 600.3632 598.4383 595.6601 592.2969 589.3391 586.5547
633.7451 627.4778 630.8786 628.9753 626.1916 619.5994 607.8145 594.2799 578.42 570.6867 566.5448 559.5289 552.8574 538.2256 516.9491 493.7981 477.3005 444.9794 432.3254 438.3457 450.4003 466.0262 481.3953 495.6736 510.9131 519.3348 531.4128 557.7881 582.3332 612.141 638.9913 659.8743 670.21 668.4898 662.9142 657.8632 652.7408 647.3683 639.4586 631.5309 624.3622 630.7397 633.9999 635.3442 636.506 634.3099 630.5112 627.6087 625.4772 623.4027 620.5389 617.6483 615.436 613.7036 612.1068 609.2807 605.0769 601.5399 598.4742 595.6294 592.3118 589.4281 586.5604
645.9029 642.7624 640.2864 637.1396 631.577 624.238 615.0921 603.6279 596.5305 593.4736 589.775 582.0202 573.4902 558.0894 545.5523 533.2164 503.0149 463.4915 436.3029 432.2203 442.0441 454.9276 467.1795 478.69 485.2729 500.8335 524.617 553.8337 577.5303 605.907 631.0773 651.317 663.5451 663.9141 660.9862 656.3404 651.0713 645.1355 637.1652 627.171 613.3113 614.7009 619.039 623.964 627.3461 628.2624 627.0877 625.8944 624.6471 621.8384 618.4353 615.7484 614.0227 612.3708 609.7783 606.5759 602.9508 599.926 596.2078 593.0826 590.3812 587.6345 584.147
650.9185 648.0701 642.9431 637.0747 631.4376 624.1343 618.9854 614.1605 610.5321 601.3395 594.0621 587.6716 580.1793 575.2715 560.7201 541.9516 512.4553 481.3398 443.885 425.0809 425.4728 440.4657 453.4284 463.5427 484.2987 504.6585 525.5613 552.0131 573.0503 597.749 619.0784 634.6942 648.4921 659.4581 660.8938 656.5093 649.9605 645.585 639.8087 634.1937 622.7109 607.6879 599.6315 605.5684 611.6998 615.7188 617.3281 617.7103 616.8673 613.8632 610.7839 609.0518 607.3283 605.4714 603.2606 601.9012 598.3535 593.4232 590.5262 588.522 586.2269 583.598 580.4802
650.8619 646.6202 640.1075 635.0369 627.514 621.827 611.5641 604.6637 598.6156 588.6519 574.0536 566.2819 552.9858 543.1033 528.7067 517.9443 506.9494 484.5164 453.3186 423.1864 421.3219 430.5742 441.5726 456.0465 473.5922 496.7227 519.467 541.7863 560.4 574.8402 590.1744 611.878 630.4798 648.0754 656.4213 655.2076 651.3885 647.0072 641.2029 634.9785 623.4636 614.2872 603.0607 585.2146 591.2479 596.346 599.6417 600.4824 599.2185 597.1485 593.8599 591.23 589.3748 588.6817 588.7339 589.106 588.5364 583.3302 580.0262 579.3171 578.5002 576.8597 574.7559
650.6459 645.8061 637.057 625.1945 612.8898 601.4876 592.5443 583.4821 575.0505 563.0994 545.3935 532.6423 526.3725 515.0026 496.5442 485.1211 472.1355 459.9873 448.3094 428.7757 413.7283 415.7336 426.5968 441.9774 464.8016 484.8798 504.3176 521.0079 533.5177 543.4438 565.8167 586.1341 611.7325 631.5443 648.1755 650.842 648.8854 645.8175 639.6228 632.3354 621.114 609.8775 602.9096 591.7681 571.5354 573.5584 577.6832 579.1255 577.4645 573.5034 570.2757 568.5536 568.3806 569.2058 570.45 571.5225 572.1465 570.8345 561.6866 560.4247 563.4888 564.8259 564.6788
651.0552 647.6433 637.4831 631.2239 626.2444 619.8165 610.0425 598.0278 582.2169 571.2642 554.4238 537.4659 531.2415 522.9067 512.4036 498.2818 483.125 469.0439 455.0987 440.5914 420.2849 409.0692 413.2197 432.3695 453.5102 470.3782 484.5789 493.8521 501.0031 519.2888 537.5257 568.5416 598.8108 623.0753 639.1026 646.7279 642.6317 639.613 637.019 632.1915 624.8138 610.8578 603.2342 595.0143 578.9965 564.1769 549.9658 550.6489 552.4419 549.4541 543.3442 538.8054 536.2648 536.9784 538.5311 541.3233 544.7414 546.1362 545.1397 537.8866 545.6847 548.0916 547.582
648.2272 645.8755 640.429 636.5305 631.573 627.3341 621.5421 615.1281 611.217 601.0381 587.1473 575.3275 568.6717 556.575 545.8443 531.1163 514.619 495.0679 474.7484 448.7768 422.316 404.8311 412.1731 425.785 437.8182 449.8179 463.6992 482.2645 501.5732 525.0911 550.1057 571.293 593.8796 614.8734 627.3481 631.7284 630.3876 629.2175 628.3878 627.2709 626.2574 624.1701 617.2957 607.6198 597.8692 587.0633 572.4883 553.7307 536.764 524.5599 512.842 498.7784 491.0107 489.7269 496.7306 501.4597 507.1871 512.3956 514.9442 503.3375 525.6291 533.2874 532.3617
630.1862 628.4354 627.9213 627.7057 628.1762 627.2986 625.4134 621.9572 617.1791 612.8844 602.4399 595.5538 589.308 578.4161 559.1773 535.6782 511.4429 485.7678 465.5058 442.9329 418.1027 400.6391 410.6857 428.6063 445.0406 459.1109 472.4089 488.8698 508.4175 524.2321 538.5394 552.7888 569.4799 587.7004 613.4253 622.2831 615.4005 614.1398 612.8576 615.4462 618.0828 621.9943 624.0009 618.1356 612.67 604.4664 593.8243 580.5647 571.4655 560.5336 549.5991 534.1231 518.2295 497.9119 469.637 462.3448 466.1195 470.7614 469.0963 475.3003 499.634 507.0172 509.9406
