dem.txt
ncols         436
nrows         156
xllcorner     -120.29571533203
yllcorner     47.130167104972
cellsize      0.000602592593
NODATA_value  -9999
[rows 28 to 55 of 156, columns 252 to 314 of 436]
721.9446 710.7538 698.4606 687.5268 680.8278 692.7343 715.0635 733.2869 745.8716 770.5081 793.8589 811.0988 821.0082 809.1505 805.3906 809.3561 799.8599 787.7806 771.9655 756.0298 734.7603 716.788 696.3387 684.3909 686.113 691.504 699.149 707.2651 713.2496 715.041 712.1885 703.9649 699.3566 692.311 682.0026 666.0765 645.3647 624.657 603.8093 586.2917 561.3033 578.4977 592.7175 604.4116 615.4877 619.7197 612.8938 595.4469 592.9052 594.0782 597.8204 604.9425 609.8824 609.6024 605.9304 600.9157 600.2442 589.0457 577.9017 563.7001 565.3309 564.3602 554.3429
752.1214 746.3472 735.064 727.204 723.5771 717.065 735.8264 763.7509 786.8766 801.314 816.8167 829.5173 834.1958 833.5481 829.0974 822.2828 812.3732 797.9544 768.7877 749.5757 732.8367 713.1093 702.9087 709.8107 714.1569 722.7357 731.8009 734.7227 733.8551 731.3214 728.4456 716.0756 704.8923 690.4898 677.0314 658.9557 637.8652 618.1361 595.7792 585.3821 591.9824 603.0298 615.0581 629.33 641.1662 647.9291 638.3423 630.9012 622.6078 624.6803 630.9265 635.6581 634.3417 629.9492 624.2491 617.4468 607.5336 595.3871 585.5309 583.3555 579.4025 574.3386 556.4837
791.7874 784.8936 777.2191 770.5071 759.3066 757.1837 764.9122 783.1152 802.629 818.9875 830.4588 833.7986 833.3666 832.3727 828.084 821.5402 811.5424 798.2164 772.7451 748.9802 729.4127 729.56 720.6906 733.4626 740.931 747.5911 749.9418 749.4583 745.0676 735.9998 724.3271 709.9498 697.09 682.588 666.3947 647.2507 630.0009 624.0828 616.6692 614.5397 625.6821 634.6542 645.0605 655.6218 667.9982 676.0695 672.6384 665.0414 654.6368 653.4125 655.6683 653.7146 649.3735 641.0536 634.3238 626.5378 619.7454 611.7961 603.4534 597.7977 590.1823 582.975 567.9256
821.7361 819.6453 815.1059 805.5073 799.8116 798.7319 799.2756 808.9455 819.3427 827.0849 829.6734 830.6694 829.9106 829.7501 826.0199 819.8066 808.0583 794.3439 768.5974 752.3159 754.6396 754.7353 754.1169 751.5446 758.0944 761.9788 760.1791 755.1675 746.7684 737.5225 721.7726 703.7396 689.3284 676.6662 658.1185 645.6142 644.6954 635.1936 637.9286 648.1417 656.5364 663.9542 671.5815 676.8453 685.9748 693.9724 683.9498 677.6663 675.1462 668.8199 656.7003 650.7642 645.2212 639.5059 634.7136 631.098 627.8137 624.5988 619.689 615.8236 609.7863 591.349 577.4068
814.9915 826.7974 829.3126 824.0727 820.9866 821.0966 821.397 821.854 822.1777 822.5925 822.2374 821.7615 821.8438 823.1158 822.6703 820.0972 813.6323 803.2524 788.6588 781.5057 781.3852 780.4946 778.3733 774.287 768.9659 770.2985 766.2601 759.4341 748.0185 736.809 718.696 697.5493 682.5657 677.5825 675.3691 672.5759 668.4678 667.0268 672.9352 675.9952 678.8676 676.5627 675.0145 674.8011 674.9454 672.0295 661.5596 656.6433 649.2512 643.6074 636.8764 627.9105 624.1434 621.7972 620.4925 623.9844 627.0222 626.585 625.4363 623.2667 615.2021 596.3211 586.9018
790.7032 801.0814 804.2579 803.7983 803.6606 807.8707 811.6372 813.0029 811.6981 809.4007 806.4616 805.9358 807.9675 813.0149 818.5472 820.5471 819.3586 813.0332 807.9996 803.1088 798.8624 797.1821 795.2793 785.6996 771.7267 764.0153 761.2459 755.4856 744.4277 736.0164 718.1254 706.6256 705.5852 702.5383 700.3605 696.9427 696.8351 698.3416 697.4501 690.0419 680.439 665.6978 650.7526 641.9929 640.9568 636.3451 632.7629 620.4507 620.6789 620.8311 613.7212 602.8791 595.249 599.9718 606.6191 616.7448 623.1884 624.2473 623.0389 619.6403 616.4445 614.2963 607.3213
770.7414 776.1579 775.1913 777.588 783.4088 786.1629 786.5362 791.148 791.7678 788.3662 783.7666 784.7812 788.4561 792.1945 797.6422 801.942 803.4171 803.3414 802.2025 800.4818 798.4618 796.849 785.9593 771.069 754.4669 745.207 745.636 745.3008 739.5645 735.0823 728.9794 723.2402 717.7336 721.2236 721.3031 709.3751 703.8251 693.4651 684.2538 672.3012 660.5782 645.5096 632.1857 612.801 613.4492 609.9558 604.6283 590.5616 591.5825 591.5034 588.7825 579.6744 568.5104 573.3837 587.7411 593.1682 599.3746 603.0729 605.2413 599.5656 599.2771 597.5214 598.2932
737.9262 744.9311 744.8913 744.7715 750.2643 756.9627 760.3797 763.3149 764.2667 763.0388 756.6408 759.0675 761.6102 765.4131 769.0394 770.0429 770.7284 772.6615 772.9995 773.899 773.5612 768.2796 757.5106 747.1367 735.5397 711.9549 714.9995 718.0299 717.9025 717.7683 709.9077 706.4053 703.3021 699.1543 695.4957 686.2114 677.2859 668.9837 656.7229 643.447 633.005 623.7581 607.7681 594.5393 584.3911 580.3341 576.2796 571.9767 565.3636 562.9828 556.6407 555.335 547.0858 552.2679 555.6849 562.5553 560.4064 559.9567 557.6698 564.9638 567.8046 571.1995 573.5749
712.7278 705.026 707.6819 708.5385 713.3015 720.3138 726.8136 733.0642 734.2626 734.3847 726.5483 733.1823 737.9827 738.7367 740.7584 741.2228 741.598 742.1134 742.4158 741.3264 740.0355 736.1734 732.3644 718.4789 703.9123 688.3036 678.1448 682.6481 681.4497 677.8291 678.3243 676.2581 671.8494 666.7606 659.955 651.9583 641.2098 633.8715 623.7643 613.4271 604.991 594.1727 583.7969 574.1934 562.4779 560.4903 554.7676 550.3781 541.7618 534.2081 530.5858 528.6213 528.6494 528.3563 523.0593 519.7068 514.3587 518.0992 519.3298 522.2961 527.2556 531.5648 536.2734
736.0922 724.0807 713.571 697.9462 683.7075 687.7216 692.0327 696.7153 703.1749 703.8014 699.5338 703.5507 705.3398 702.7 705.1423 704.0484 702.2838 702.1844 700.9906 700.6887 698.2368 694.7429 696.3669 691.0015 678.7668 660.9868 646.736 650.4399 650.2145 646.5519 643.6194 640.0925 632.8861 630.892 623.2358 615.9987 609.4927 601.3661 592.4685 583.4241 574.7379 563.1736 556.7305 548.842 545.6827 544.355 540.7342 534.8348 536.4261 537.0038 538.1265 536.842 533.8871 524.8073 523.9369 521.9203 517.5062 509.5233 502.4724 499.6513 497.4766 496.3715 496.7124
760.0283 746.5559 734.7496 725.7628 716.6938 697.8676 681.0989 669.057 667.8217 675.2505 673.9239 676.7271 676.6012 670.6877 673.6171 669.6787 670.3282 667.9661 667.2734 668.7839 661.4619 662.9576 663.626 658.0313 646.9091 637.856 624.5339 618.8959 619.2322 614.3389 610.7789 607.6642 599.7957 594.7487 587.601 581.9904 576.9105 569.5953 563.7156 558.2657 560.5078 565.1935 563.7348 570.9547 569.2397 570.9755 566.7828 574.5821 578.8148 581.7724 581.0245 581.3827 583.4598 578.0223 578.5209 570.3087 566.7676 548.8467 548.8235 532.8308 529.4935 519.6253 509.9139
766.7858 751.5728 738.4942 727.2248 715.7167 699.7696 687.0397 676.4874 667.1018 658.2831 650.9053 649.7032 645.1528 640.5524 639.8763 640.7324 639.8958 638.3617 640.9046 642.019 639.4419 633.6482 633.1147 626.5567 621.5817 614.7584 602.7561 594.7867 591.7305 590.364 587.7043 587.0922 584.8858 582.7827 580.3564 580.6311 580.4489 586.2077 587.2475 589.4247 598.5002 602.0146 595.8688 609.7778 611.0724 612.408 612.0466 615.3826 613.3544 620.5606 625.3448 626.0652 624.5276 625.2917 622.6287 620.376 603.5888 596.2358 593.3545 576.3531 578.7442 559.8509 555.9163
754.0715 737.2165 722.7051 707.1094 692.4799 680.4432 668.4663 662.4018 659.2123 659.3181 663.8049 667.2251 669.3012 668.3095 662.2161 654.9246 645.3745 637.1221 629.0237 623.4058 617.9425 612.1974 608.6992 605.7781 603.9746 609.3254 605.2582 614.0822 616.5182 610.902 613.0074 617.565 615.5098 611.4109 612.5364 615.3673 620.3794 626.6093 625.5984 623.2084 633.9684 640.4663 635.1802 642.7866 651.8079 651.7307 655.6921 655.5771 652.1789 658.0734 660.0107 660.9388 659.5307 655.3203 650.9921 645.4188 629.4858 628.3066 622.9388 617.4681 614.5686 604.6359 594.857
740.0781 725.0121 704.8371 688.3572 677.5949 672.5052 678.836 685.0351 692.8015 698.8806 703.0617 706.4989 709.3325 710.4713 707.4203 693.6531 682.9302 679.9127 668.1844 659.9297 657.1298 655.4773 650.7249 649.0257 647.5671 637.7301 610.9543 631.7003 646.9919 653.1014 656.2543 656.2596 644.1121 648.0466 642.791 647.209 658.6631 665.0208 668.575 668.684 672.6733 680.9526 680.2709 676.2079 685.1747 686.8895 686.748 685.5489 685.4707 680.0148 676.3885 673.0523 664.3442 658.3012 651.7914 649.4241 648.886 644.2266 640.1453 639.4401 636.6207 628.9271 618.2995
722.097 705.4498 688.1988 682.9967 692.6299 699.7429 715.5852 725.61 728.4622 738.3406 743.9578 746.9229 749.2477 748.7485 742.7866 723.3936 722.4951 714.996 702.8567 695.2285 696.6224 694.2534 691.076 689.0075 673.5885 645.6724 621.4933 646.0009 669.0607 683.3264 691.2513 693.7982 679.9987 688.0919 680.4828 687.2447 697.7535 705.3054 710.0204 708.5927 712.2236 714.955 710.8395 704.9222 701.0107 698.2505 692.1207 685.2896 678.2227 673.3079 668.5717 660.0128 650.6361 642.6666 636.012 637.6166 639.6102 639.9967 639.3456 638.8784 637.0557 628.4592 614.2961
705.2447 690.7095 693.7294 701.9108 716.9651 717.4897 737.1494 754.1443 766.1502 775.0754 780.7275 785.6929 785.9928 782.5963 769.0904 763.3932 760.046 753.7381 745.5696 739.2363 734.8954 733.5117 724.1472 704.3033 681.7186 652.3536 633.1559 656.7787 683.4994 701.4757 720.051 724.6391 716.9523 722.2066 715.6071 724.2033 731.3984 737.9723 740.7947 737.0088 729.949 722.2051 711.893 700.2844 691.1917 681.8903 675.3634 666.298 653.8981 645.7325 640.7374 634.9452 626.8008 620.4282 614.0762 615.1122 620.222 624.5104 625.485 625.1476 621.9943 617.5876 606.6997
701.6519 711.4169 722.8807 732.889 750.7344 758.7249 753.3479 766.8469 784.0042 799.824 807.7298 810.2319 810.3527 808.4952 801.5818 794.0296 785.4983 777.8746 769.5203 761.5419 753.9282 743.21 722.4489 698.9732 676.4027 653.7723 648.0655 669.4185 695.7125 718.1366 735.4457 748.0568 751.3062 755.3298 753.0419 754.7498 759.291 760.5566 753.7584 740.9613 727.3513 714.7508 701.9581 689.24 677.3834 664.614 650.8168 641.5891 633.1993 630.1771 629.0689 625.1378 623.0596 619.6396 609.9196 600.3212 589.6136 593.0996 597.8426 603.6813 600.6708 591.9671 583.1038
725.6303 736.6954 752.2648 766.1019 775.942 785.5834 791.1608 794.8051 800.9037 809.1309 813.0551 812.897 811.3295 808.9407 803.0895 793.5588 784.164 775.2907 764.8466 752.8137 739.8584 723.3371 709.0007 687.7919 665.267 656.1219 675.0706 695.1543 713.6765 731.8696 746.1848 762.0764 773.2852 777.5518 776.4586 774.0628 769.4258 760.3385 744.9366 731.8236 716.8333 701.6859 688.7212 676.5886 663.6529 650.4999 656.0253 657.8378 656.4162 657.856 656.4764 652.8066 646.8058 632.3947 629.7044 627.6656 613.8686 603.8726 583.3454 572.0355 560.1885 555.2819 542.3632
742.5957 757.0157 773.3825 787.9182 799.2327 806.7918 811.7385 815.58 818.3213 819.3583 818.1891 812.7568 804.6727 785.5542 780.1654 773.4181 764.1118 753.2491 739.6187 726.5137 715.1757 700.4578 674.892 668.2015 670.211 677.1115 697.2292 715.2695 731.3726 742.7021 757.3704 775.2189 784.444 784.8347 782.6282 775.5731 766.0475 748.7089 736.0067 722.2429 706.0584 686.9275 675.3122 670.8072 671.1699 679.8076 685.0712 682.3744 678.0635 675.7632 671.7136 666.2191 655.3014 644.9756 648.9193 645.6199 638.7157 628.4385 615.2433 603.9459 595.3228 591.6111 582.1285
776.6898 775.2643 790.664 806.4634 816.0005 819.9863 821.9232 822.3099 821.4828 819.6555 814.6201 808.3586 794.5024 773.8341 752.5333 741.5881 736.573 723.2629 713.3403 700.282 690.1057 692.1976 697.6428 700.067 700.1096 691.5265 706.1993 725.1335 742.9731 753.1089 768.791 782.6752 786.4996 786.0981 782.9351 770.2245 755.5943 739.9055 728.9622 714.3539 699.7756 694.4634 693.9553 696.6432 697.7109 701.1707 703.2886 701.5258 699.6865 694.2059 684.4354 674.3997 657.9414 660.3421 659.5642 654.7786 649.3176 643.6184 636.1518 628.6929 621.6456 621.8088 617.8431
806.7504 804.1869 813.8366 822.6036 825.6655 826.1491 824.8831 823.5483 821.5848 816.0492 808.0695 796.6271 779.5271 761.5003 740.58 731.8888 737.7495 732.747 724.6299 723.3064 725.9628 731.6454 736.575 739.3942 734.0479 713.4002 708.4845 726.7559 747.6761 759.0999 773.35 784.2675 786.1591 784.7589 775.5022 761.6738 747.4273 735.0427 719.8524 707.0011 708.6166 708.6749 714.0359 717.5875 718.707 721.0747 722.6813 719.64 712.4737 703.1957 691.0302 677.051 671.9425 671.6267 668.1429 663.481 660.5581 657.0043 652.9594 648.4385 644.3917 640.9728 636.7928
822.3799 828.0435 831.1492 832.4265 831.8424 829.1902 824.9653 819.7192 812.6481 801.8081 789.4897 778.0699 758.682 748.5149 754.4268 765.6984 768.4995 764.0377 753.7292 754.8503 759.1713 764.0507 767.5623 769.7444 761.2086 739.9196 735.1755 742.9227 753.697 762.0969 775.8735 784.801 785.4402 779.3477 767.9903 754.9608 743.9233 729.2657 721.4854 720.8007 723.1834 726.8099 731.4172 735.4476 737.462 737.6307 735.3235 728.4838 718.7972 707.6053 698.8083 690.1588 683.8562 679.4844 675.4709 672.9704 670.2026 666.9615 663.6684 660.57 656.4772 652.6 649.2374
831.7148 834.6976 835.4391 834.7744 833.2458 829.3332 821.2153 810.1458 793.0917 780.0254 777.1016 772.9767 771.8165 770.3948 779.5844 786.6801 790.3821 790.4751 783.5162 783.9589 788.5514 790.5654 790.8901 788.9076 784.5648 768.957 763.2838 756.8079 767.3466 775.0653 783.209 789.4116 787.5209 776.4176 759.9568 748.4713 742.4055 742.8232 740.0898 736.2155 739.5381 745.0637 751.3618 754.7059 750.588 746.5524 738.7566 730.3669 721.3286 712.5689 702.6157 693.194 687.0088 682.6528 678.9451 676.2496 674.4843 672.2792 668.5438 664.6739 661.7335 658.2535 654.2137
837.7872 840.0472 839.7808 837.2263 833.3872 826.925 815.2061 809.1265 804.2114 799.1146 797.6473 798.9177 798.1623 796.6793 799.0374 805.251 806.6255 806.847 807.2691 807.7802 808.4379 809.2527 809.119 808.9391 807.4196 801.2546 795.1255 786.6771 784.2731 786.6277 794.3467 798.0674 793.8464 779.5453 766.335 767.6448 765.5903 764.0104 762.5322 758.6928 758.3996 759.3112 758.741 754.4548 748.3306 740.7492 732.2733 723.6584 714.3622 704.6039 695.6788 688.668 682.3547 677.6723 676.3876 675.7101 674.6307 672.191 669.1479 665.7358 662.4832 658.9377 655.1517
839.5115 842.9693 843.0716 839.6957 835.0193 830.8753 825.821 822.4564 820.2592 817.8322 815.0179 812.6345 811.2454 811.1669 811.2707 810.8024 810.2897 809.338 808.3064 808.4386 808.9747 810.2214 810.753 811.1995 811.4914 811.7656 810.6663 809.8939 807.8215 805.0978 807.0732 808.8119 804.5849 795.2291 792.2137 789.5854 784.5667 781.7219 778.0313 771.0112 758.7484 749.3369 744.3439 738.9905 732.1885 722.3707 710.7013 705.9952 699.4222 688.9562 676.6049 675.2746 670.1589 666.7441 669.4586 673.392 673.3179 671.3726 667.7797 664.7446 661.6829 658.0593 654.6366
831.0521 836.6715 840.5736 839.7771 835.9621 832.3701 828.8909 825.4837 822.5195 820.7881 818.952 815.1043 811.777 810.7469 810.1365 809.1314 805.6953 796.2657 788.6407 788.7737 789.8248 792.123 796.6021 801.9597 807.1279 809.9579 810.1487 809.8307 807.8927 807.7261 809.9419 810.2355 810.0701 808.2549 807.5254 804.4631 798.2649 789.957 778.9496 764.7124 750.2185 738.1957 724.6447 716.4046 710.2498 702.3865 693.5598 681.2866 677.2479 668.0302 654.9302 654.5323 653.7964 653.6379 658.7656 661.9998 661.692 660.2008 659.9371 661.0087 660.7816 657.4498 653.8143
812.3594 828.1343 834.9926 836.1154 835.0452 832.8815 829.656 824.9437 819.9185 816.0637 809.9798 805.9589 804.2965 804.1761 804.1159 802.2667 796.7425 783.7646 763.8981 758.3341 761.0623 763.6255 769.9216 781.3923 788.0418 793.0852 796.2175 796.6525 794.347 794.7427 799.8856 803.9012 806.6292 810.2402 810.0344 806.708 792.8719 778.3237 763.4106 749.6995 738.287 727.1108 713.8232 700.4946 690.1449 683.4686 676.5507 665.794 653.5347 648.2516 633.7747 635.2366 633.3704 641.0997 646.3533 646.4796 641.8475 640.6224 639.7943 641.8928 648.717 649.9913 648.8633
790.1553 810.2411 824.1644 831.8967 833.531 832.4213 829.9858 822.6606 816.1627 807.8277 793.6906 788.3591 787.6119 789.7985 791.1873 790.2343 784.2914 767.5611 747.8781 728.4007 732.3369 736.0419 739.5768 753.1208 765.6528 769.5641 768.4721 766.117 770.5696 776.4443 780.6821 782.7953 790.2098 802.9205 807.0928 798.8457 781.8088 765.5019 750.4726 737.5595 725.9001 713.3825 701.3787 687.1818 671.2264 658.8681 651.9234 642.2853 633.9742 632.1736 627.9703 612.6303 609.1742 616.3222 618.2283 616.8163 611.1666 611.8389 608.5604 619.4689 631.3622 634.1363 632.8895
