dem.txt
ncols         436
nrows         156
xllcorner     -120.29571533203
yllcorner     47.130167104972
cellsize      0.000602592593
NODATA_value  -9999
[rows 84 to 111 of 156, columns 252 to 314 of 436]
797.2894 785.9195 778.0056 763.7844 744.9333 741.384 739.5587 741.9716 750.9736 762.4848 772.5939 768.5348 761.8885 755.6107 748.2729 742.5886 737.287 723.921 709.6669 696.5411 684.5866 671.598 658.565 648.019 639.5984 631.9842 620.0982 602.7795 582.5492 576.4808 595.3821 603.6564 601.9353 590.8989 571.9636 593.572 612.3557 624.7942 629.5089 627.8747 616.3502 597.1838 577.0668 558.1932 541.2012 523.7908 508.5412 498.1514 502.4245 498.8409 485.1725 466.0789 455.6824 450.2307 439.4657 434.4552 429.2918 432.1728 435.6843 446.9546 460.4827 464.5681 477.0831
796.4692 782.6395 773.1863 767.3953 762.0491 761.1438 761.1425 762.3119 763.3618 763.0668 760.5078 756.6216 747.0748 738.0613 730.6202 719.3425 703.8928 694.3351 681.6324 669.1799 653.1654 638.7289 626.7805 616.3756 608.5506 604.5166 598.9976 587.1168 573.0303 561.569 577.2809 586.3279 582.063 570.0432 557.6409 579.9155 598.2692 605.0173 607.0258 605.8756 601.2068 590.2161 570.9944 553.3959 535.2635 521.7901 510.3809 497.1994 475.5564 475.3833 462.6974 448.8625 442.7359 437.4081 433.4162 438.3146 450.736 466.8983 482.0499 494.4635 507.088 511.0829 522.8716
778.7601 753.5629 742.0151 739.4351 738.7285 737.9223 736.968 734.3367 733.5285 735.3016 730.7172 724.3696 713.3782 703.6587 694.1448 686.2043 676.6403 665.8466 652.7007 638.9246 624.6549 609.6672 597.9847 588.1159 580.8521 576.8361 570.8004 566.2997 557.8904 549.6299 553.057 561.1746 560.8667 551.8436 547.9429 566.2264 578.8708 584.5082 584.9231 583.6176 579.8549 569.2923 551.3185 534.4293 519.5576 504.9701 496.8727 482.6566 466.6799 451.0577 446.0698 439.4135 438.2957 440.3199 460.3189 472.0983 482.4817 501.7072 520.9289 527.9586 554.7323 560.963 565.5654
761.5908 742.5391 713.7769 707.1881 707.7343 707.8243 707.4904 702.2972 699.6408 698.785 694.1325 687.6395 680.3531 672.1799 663.2906 653.2924 643.2835 634.2685 622.2026 610.7233 598.4116 586.5491 573.2939 558.7813 548.2204 548.6141 546.095 544.1096 540.4037 536.7584 533.5225 536.8457 537.3472 537.0042 536.293 548.2136 556.3179 560.6808 560.3494 558.8788 556.0162 547.7194 530.7684 512.0017 500.7817 482.9409 465.7344 451.4626 449.6345 446.5398 446.1999 449.9663 466.6669 482.4332 498.3832 515.3777 525.64 532.8107 556.1116 582.6475 593.6376 616.0114 627.1603
737.5784 725.6345 704.4128 682.4929 673.3229 676.8757 675.7379 669.347 662.6454 658.683 655.0765 649.8962 643.8239 637.7823 629.4613 621.0612 614.3528 603.7748 594.0492 583.1157 571.1892 558.0156 559.188 562.9453 564.8312 561.1614 552.1231 539.756 539.4744 531.424 526.6116 516.4459 517.3417 522.0679 520.0296 528.9902 533.4077 536.0676 537.5452 537.4573 535.035 526.7791 511.0789 491.4706 473.4792 462.1469 455.4736 453.1648 450.0287 460.9789 476.6625 481.1591 499.9605 517.0885 530.0715 547.392 560.9445 573.1335 592.4155 613.7191 652.636 666.9108 667.3746
706.0256 698.1091 685.0175 667.2585 653.762 647.9006 643.8211 631.6252 622.3326 618.1455 614.8689 607.4894 599.0512 593.5102 590.0138 586.2709 581.7441 576.2697 573.4393 579.099 587.3164 589.731 595.1047 602.3029 602.1371 597.9665 587.6709 576.1699 577.1813 576.0723 568.014 550.5649 526.1657 502.4064 503.5621 511.1279 513.2094 514.8264 516.3438 517.0024 515.102 507.4706 491.2191 471.9614 461.4361 457.7146 458.7964 473.1229 488.0533 503.6874 508.2739 496.1939 518.0034 540.2429 559.5235 576.484 588.7773 610.746 629.1035 655.8588 671.2742 673.7164 664.8377
675.2289 665.0781 649.7109 640.0525 637.0856 634.8364 634.1083 640.3461 639.6705 635.5063 632.1053 623.4171 623.8464 621.7758 612.2175 613.353 611.607 609.2189 605.1317 609.6564 625.4421 634.3698 636.2278 636.5649 636.6374 631.1768 616.0663 612.3833 609.3223 608.3561 596.7524 575.5187 551.5793 529.256 511.6077 497.3578 488.5485 491.6719 496.3693 497.615 491.7626 480.5359 472.3951 462.6154 461.6362 473.7782 492.7991 506.9967 522.8542 536.6481 542.3068 523.2623 529.4556 555.191 580.0038 601.9974 623.5409 641.4464 658.2187 676.1887 673.1824 663.892 647.3575
673.3282 669.6162 664.4728 647.1454 659.0744 678.2388 683.1417 680.7703 678.2067 671.3856 665.1852 652.3743 653.5616 652.0722 639.3666 646.6052 652.2364 650.6326 637.6924 638.3467 653.6503 671.2775 678.3619 676.8147 670.98 661.9901 649.1936 639.1625 629.3491 622.7335 615.5974 599.2512 581.4805 565.5228 549.1415 527.4474 506.502 489.1524 480.2736 476.3773 473.9512 471.578 465.3463 470.5964 489.8817 509.5233 522.5031 531.653 551.8849 566.283 574.0975 561.0756 553.0205 564.3522 592.3148 620.4955 651.5145 669.5648 674.966 672.6805 663.6183 646.8621 631.1641
703.9818 697.7967 681.1368 655.537 677.4514 700.1868 711.6097 718.6866 714.5383 706.4086 698.6271 682.4484 689.6119 687.3187 670.9834 683.5522 688.3981 686.5639 675.5471 677.4063 683.4471 700.1999 708.5244 708.021 699.5516 686.6222 669.0842 648.4576 622.4724 611.9216 604.778 597.0751 586.7918 576.9101 561.077 537.088 517.3309 497.6355 484.9148 478.8998 476.1544 476.1363 482.6675 508.5188 524.8725 540.6647 554.7204 564.3567 573.6546 588.4119 601.7402 593.2028 583.2255 598.7842 610.6496 631.4529 657.1621 669.7354 674.8677 671.1226 660.3138 649.658 636.307
710.8704 694.7552 666.486 676.0596 695.4429 719.8506 738.5417 749.7381 752.6674 748.3426 730.2883 722.0179 723.6927 721.0886 715.1044 720.688 723.8256 725.0023 721.5079 717.9904 721.4736 723.5382 714.5156 701.7842 686.6102 672.434 662.4064 647.2537 624.3647 605.8687 585.3665 568.6204 561.8053 555.3552 543.412 529.7334 515.0817 494.998 482.6703 476.1272 483.7986 499.9593 501.6317 511.6812 533.0567 555.4421 573.2228 590.0336 606.0583 615.2167 622.2428 621.6965 617.2297 633.6335 643.0394 650.3578 663.1855 671.3278 680.3419 676.3521 669.4907 661.6884 653.8
682.1508 687.4573 693.7817 697.8572 714.6152 736.3848 763.4218 783.0042 786.8473 779.316 765.5222 760.2537 762.4114 761.3179 759.5358 760.3823 763.3543 763.8365 757.4353 745.3679 731.1391 712.225 696.0535 680.6299 663.7705 652.3094 643.4707 634.8503 622.9498 605.7249 597.1974 576.25 556.2252 535.9009 521.7387 511.6124 500.0383 490.7751 481.2952 485.888 506.1292 510.0641 514.7233 527.7707 530.4597 547.5783 572.5543 594.4775 616.2899 633.8553 643.1232 649.6387 656.2474 664.8549 674.6667 685.0383 692.3691 692.5633 688.5967 677.2373 660.6052 645.2959 631.399
712.6913 717.1671 726.7028 733.6368 738.8371 760.1638 780.726 797.7995 808.4517 810.1885 803.525 797.9774 796.8664 793.5931 790.9269 787.3723 785.9296 783.4855 767.1217 747.4338 721.7958 697.1224 676.7698 659.5016 642.9642 631.8233 620.2072 611.9866 608.0709 599.4354 594.0459 580.9118 565.2133 545.3873 526.7261 507.6601 496.2304 488.3861 486.7171 494.8224 517.9494 540.226 548.8403 553.2866 548.5122 561.2275 578.3018 590.2156 609.877 639.1677 657.9607 664.747 672.9482 685.8823 700.775 709.8596 706.9506 699.3573 689.6539 674.5461 654.5231 634.5443 618.9401
748.972 756.1205 765.5014 773.3054 778.9058 788.7705 804.8058 813.9407 821.4534 821.985 819.9872 813.0474 807.1813 795.2488 784.0762 776.5046 770.67 764.3906 757.3722 739.4294 721.4849 698.7386 669.0987 644.4328 622.4786 607.5974 596.869 588.3083 581.6603 576.895 572.9003 565.937 554.4714 537.9088 518.8882 499.9494 493.2306 492.738 510.1165 533.2142 551.7073 562.3408 576.6036 583.3749 577.9756 571.7328 586.4941 608.4844 629.8409 647.8787 663.3936 672.8749 684.3106 698.2202 713.2855 719.1634 711.0546 701.6377 690.9739 676.9769 659.7561 640.5839 620.6212
787.2679 792.399 799.4024 808.5194 814.2932 818.1912 820.636 821.1932 820.2282 816.5304 810.5955 800.8277 788.1013 766.636 749.7368 738.5395 733.6093 730.8696 726.4521 715.0561 705.363 691.4282 677.0452 659.363 637.2891 620.7533 606.7922 590.7845 573.8381 561.6664 548.0131 539.5567 534.511 524.4629 506.8273 498.1047 493.5608 499.3321 527.5167 554.4637 573.9333 595.1174 607.8963 612.5234 604.9105 586.7381 606.5197 626.5845 644.1111 660.732 669.9412 679.5337 691.8578 705.2595 719.4142 718.6652 708.5593 698.8642 688.761 679.9401 668.5141 652.611 634.5729
823.8795 825.9157 830.5976 835.4673 834.0012 829.9384 816.0023 803.4315 794.2574 790.1193 784.8876 775.2037 761.6395 746.9888 727.7621 704.24 695.2831 695.4209 690.5076 680.3636 671.0057 660.7816 648.8519 636.8609 625.1081 611.6862 599.0458 588.752 579.8001 573.4337 566.0296 549.9739 531.4484 516.5249 504.6313 498.9536 497.9032 518.1205 534.5313 544.0836 570.1159 596.7114 622.2622 635.6839 629.9084 615.5985 625.9123 641.4897 658.7645 670.2604 676.5689 684.4834 697.8587 710.6654 717.3525 708.16 699.0247 687.9787 674.4642 667.1148 660.9163 649.5806 634.2898
850.7721 847.3423 844.9706 830.5503 819.6616 808.4883 795.0378 779.9244 764.3846 754.8644 750.1824 744.5563 734.4046 720.2062 700.2728 678.9074 660.5071 663.741 656.4254 646.1962 633.7659 625.0441 615.1698 606.392 598.9658 590.5842 582.0179 573.8665 564.8117 559.4169 554.1556 544.2649 525.9041 510.6089 503.2376 500.176 509.1927 539.7739 564.3278 578.6307 581.8153 582.7252 601.3146 634.8196 650.6476 653.1112 654.0097 671.7059 679.9263 686.5266 691.1038 695.7997 704.879 710.8993 708.309 698.6187 686.8326 676.1847 663.3775 654.2309 644.8456 644.0712 645.6118
850.5536 842.3502 827.6413 812.6049 795.238 779.9554 766.2858 750.0563 734.9713 716.4205 708.6124 702.8616 694.0949 679.277 666.3679 647.5648 632.5055 627.0413 621.0061 613.313 601.1986 588.8118 582.2672 573.7166 568.0408 562.9711 556.5558 551.5292 545.5484 538.1938 537.1077 532.8143 521.3018 508.4758 504.0405 512.5704 538.9942 558.1863 581.1555 605.0493 618.7573 624.8616 627.8594 640.0261 651.8337 671.7814 685.1783 693.8624 704.4899 709.9429 712.5742 713.9125 713.8248 710.6489 702.47 693.3064 686.3364 676.9641 667.2204 655.3464 662.6064 667.9629 666.5333
839.526 822.8168 804.3005 787.3278 768.1268 751.142 736.3218 722.1738 701.9713 679.8434 667.4846 657.4854 650.7709 644.5903 639.8807 636.7046 629.1252 622.6141 618.5307 616.4222 615.8629 613.0986 609.7306 604.6642 594.8282 581.7455 570.8516 560.3038 551.0508 541.9136 528.5189 519.3604 514.7811 507.5179 516.364 528.9128 550.2148 567.8899 589.6833 614.1995 634.4575 655.5601 663.7772 670.3121 681.68 694.22 714.3179 724.3014 729.1333 731.8818 731.1652 726.9171 721.3411 714.5835 706.9503 700.7069 691.1683 676.4959 671.1457 680.9834 685.3804 687.8784 684.6459
816.9928 800.1312 780.9778 765.1614 748.2259 727.4932 703.5139 693.3463 691.3026 688.8716 679.8866 681.8193 680.9913 675.8962 672.6661 668.6713 665.2316 662.3905 661.2213 659.0986 651.5797 640.6974 628.7933 616.5574 604.6414 590.4265 573.3375 557.5555 545.4329 532.4279 520.4813 511.962 511.6141 531.8896 557.658 566.0425 577.3767 573.7053 588.5109 613.7834 641.7888 668.6158 690.5096 707.0985 720.3694 730.9156 739.7515 750.8593 756.4409 754.4703 747.7407 738.7696 730.0712 721.4639 713.0021 701.6888 686.9861 684.5718 695.1367 700.5544 703.4533 704.7579 703.5374
791.5244 776.8687 757.0194 741.4927 723.2715 720.3475 721.2943 723.8901 725.4009 724.2698 715.6287 717.669 715.9552 710.7996 707.0284 704.0882 701.1778 693.6763 687.4199 679.7632 669.5916 648.0555 631.7065 614.6685 598.0095 581.1411 565.767 550.8918 535.9971 520.2132 522.4275 529.9284 542.8132 559.8636 583.8781 598.064 611.6119 614.2788 619.4392 627.7012 642.9605 670.0763 696.1874 723.4601 745.1666 761.7927 773.6806 778.803 773.7743 765.8845 758.7371 748.5244 738.3473 728.3475 716.6333 706.0533 703.2297 707.9764 712.314 715.2309 718.0592 719.226 718.0851
756.9199 754.5605 749.9639 745.2209 753.3152 755.3206 758.3211 760.1459 761.2054 756.8389 755.7285 758.0466 754.8277 751.0435 743.6758 733.0479 723.0303 702.1733 687.3462 671.4686 659.1414 641.4377 624.1782 606.1409 586.7087 569.5457 556.7589 545.0853 528.347 522.6763 526.6786 547.2998 553.5569 578.0291 596.7444 616.612 636.0211 653.8882 656.614 669.7946 679.9759 683.572 698.2635 729.0972 758.0487 777.7443 791.2178 788.6656 782.5846 774.3934 765.7172 756.8318 745.5125 734.4731 724.7714 720.5999 717.727 720.5876 726.5238 732.3483 733.9667 731.4678 727.5314
790.2332 786.7676 778.0198 778.0137 784.181 790.0758 794.4514 792.4523 789.8685 783.3579 783.8236 782.8716 780.1374 772.9832 757.326 734.7895 706.7515 681.5609 662.502 648.3409 637.9141 626.0508 612.6046 590.5331 575.8287 562.3875 549.0462 537.9955 529.3224 533.8712 550.5433 574.5818 575.8621 579.8627 603.5555 624.7095 648.3652 670.1 687.8773 703.0276 717.0262 726.4425 737.7255 749.427 768.683 788.9974 797.6752 793.9497 787.48 779.7678 768.8356 760.6081 751.978 744.1821 737.11 733.6714 730.7286 732.5314 736.0146 736.67 736.0926 734.6745 731.8306
819.6774 814.4371 802.6933 800.2835 804.1517 808.0203 808.8712 808.8029 808.4052 806.2637 800.4529 794.4897 783.1627 763.9417 746.4816 728.5941 705.8985 685.2968 663.4357 640.0602 616.1461 603.5804 596.8494 583.2379 567.329 550.3532 541.3297 534.27 538.1065 555.5747 579.0534 599.6544 610.8011 600.7609 605.863 629.4443 655.2706 680.0726 704.2529 726.518 745.0981 760.2104 770.3528 781.4413 797.0743 808.3392 803.5554 797.234 789.1785 779.0447 770.4818 762.3254 754.7098 746.7577 742.2658 739.4348 736.9753 736.0159 735.9329 736.3047 736.0513 735.0313 732.5698
831.8632 827.2089 822.3225 817.1697 813.8556 812.0129 811.4332 809.9589 809.0739 806.5682 796.2723 778.0682 756.7676 739.3403 723.7245 707.6334 688.5684 668.6371 654.5874 634.6005 617.3986 598.5396 581.1408 566.0522 554.0977 545.6389 539.7739 543.8253 560.2236 579.476 602.549 625.4727 639.7729 635.5157 627.0418 632.9543 658.2867 686.0171 710.5311 734.5653 758.3373 779.3113 799.4405 813.634 814.1772 807.768 801.7252 795.931 786.3821 776.012 767.8885 760.3444 754.441 748.825 744.7874 741.4765 737.133 733.0945 732.1374 732.8773 734.2904 734.6001 731.7943
832.6845 829.3892 822.0174 815.1243 809.1362 804.7805 797.479 792.4939 792.4622 794.3007 785.8594 767.7319 736.8776 712.0861 690.2651 677.4799 665.033 650.2975 636.9935 620.525 605.2543 585.8369 567.7767 549.2018 544.9621 542.9452 553.0239 561.3087 585.4772 599.6703 616.666 639.5797 659.0583 670.2969 667.2876 663.6744 670.3052 686.2585 715.5731 742.312 767.5928 788.1714 809.8924 816.8926 808.055 800.8637 794.1759 785.1175 776.0845 768.1181 761.3663 755.4756 751.1823 748.0356 745.5986 740.9741 736.2374 732.8032 727.6802 723.513 722.4808 720.0843 719.4138
813.4324 811.6621 809.8979 803.3287 785.1851 773.3478 766.5861 763.169 762.3871 766.1431 764.041 750.9888 731.0474 709.5239 686.3704 660.2245 637.929 621.678 615.3949 604.1708 586.9475 570.1944 553.0986 548.3271 549.0134 563.5171 576.0179 586.9684 590.08 593.5959 609.1821 633.2894 655.5814 676.8076 693.7759 703.9109 708.1187 720.5878 736.6078 752.1207 775.4667 792.5625 805.6236 804.494 798.8414 791.2509 781.2241 772.5257 765.1313 758.9897 752.6963 747.7407 744.296 741.3101 739.2562 737.033 733.6819 730.2366 725.0321 719.3707 715.1985 708.3514 704.95
785.6987 785.653 784.8786 777.0693 763.4077 741.5691 737.9195 732.2031 733.415 738.3407 736.4115 724.8711 704.5096 688.8597 669.0934 649.7009 628.8964 609.3494 594.5756 582.9547 569.5294 554.8334 563.514 568.5912 578.9954 591.4352 604.8367 613.5743 619.2343 623.3055 627.989 628.7728 647.2032 667.7223 693.0062 714.0054 733.3075 752.7079 768.3644 781.6184 791.4113 798.3824 800.0663 797.1896 790.2019 779.8818 768.7721 761.0239 753.9233 746.3099 740.9802 737.2958 734.1923 731.8021 729.3663 729.7036 726.9191 724.0497 721.3407 717.5768 713.7173 710.7991 705.5075
754.5283 757.582 757.8706 754.139 741.4377 724.5535 700.5455 695.283 699.5107 706.085 704.8614 693.4611 676.9612 656.7844 644.9178 626.4512 605.5204 588.1329 576.6989 567.1312 560.0561 560.3721 567.0801 583.2264 599.2832 618.4452 634.7616 644.1922 652.702 660.6131 662.7412 662.3351 660.9875 672.6183 686.6918 708.505 731.9794 760.3482 782.6955 795.848 808.1944 806.7526 801.2661 793.0466 783.7895 772.8198 761.874 750.1871 742.8608 734.205 729.4929 723.7302 717.7061 714.718 714.8793 715.605 715.1987 713.8625 712.5818 711.3362 710.797 708.0612 703.6042
