dem.txt
ncols         436
nrows         156
xllcorner     -120.29571533203
yllcorner     47.130167104972
cellsize      0.000602592593
NODATA_value  -9999
[rows 0 to 27 of 156, columns 189 to 251 of 436]
761.1131 755.0309 744.6302 737.7272 733.2896 728.7173 722.7903 716.5486 719.967 737.4774 744.8094 749.3886 753.7784 759.5837 771.1606 782.8846 784.9265 791.4351 790.77 775.5922 780.4324 787.9962 800.1514 809.7 808.3616 797.889 792.4332 797.0598 805.7274 810.7222 817.6832 819.2003 817.0023 813.3094 812.1057 807.7238 800.856 793.9752 789.1392 782.2408 771.1841 758.8065 748.1445 738.5474 728.9446 705.1721 693.7079 679.0164 661.6938 638.2388 629.9963 619.5339 610.4762 604.9622 600.459 593.2527 585.187 584.6453 585.9786 583.6646 579.783 574.5892 564.8938
762.4938 756.2574 745.8466 743.155 744.0448 736.0816 737.6879 748.7196 757.7737 762.9321 778.1758 781.4894 786.2159 798.6452 811.2081 823.5593 822.723 825.5515 825.9934 814.6135 822.7531 823.7889 836.0095 831.4534 831.5054 827.3669 817.255 808.7795 802.6844 802.4637 798.1927 792.8849 782.9833 778.255 778.3016 779.4342 775.1877 770.5307 765.2651 758.9848 748.0407 734.7994 723.2515 707.9909 691.4609 676.9315 665.3764 645.0172 632.4299 631.2773 634.0327 628.6905 626.9826 615.7737 612.2805 607.7595 603.0674 602.1967 596.6193 595.33 594.2731 589.4969 589.6526
766.6091 761.3942 757.3472 759.4813 757.645 747.4471 758.184 765.4459 784.6055 797.1605 809.4671 827.0953 832.5325 843.4353 852.0099 859.0761 859.1174 858.405 857.7702 853.3449 853.7925 857.8555 860.3549 856.4322 840.9735 819.1675 802.6672 787.8162 781.802 778.4169 770.8633 760.4907 746.3241 748.5106 751.5022 750.3867 746.8906 744.937 739.2239 723.5151 711.7442 699.5226 688.0053 673.4173 664.4835 652.4984 656.2856 656.054 653.3597 650.6779 648.2027 652.8426 650.0269 642.6111 641.28 635.4437 626.6821 625.3622 622.5087 615.9258 610.6323 606.9863 606.5641
796.0576 795.4649 794.8558 779.6344 777.9172 759.9697 768.2117 785.4947 815.3862 839.981 838.7075 858.0944 873.6923 880.8864 882.8809 883.0481 880.5031 873.1031 867.8086 866.8546 868.8338 869.2275 862.5932 849.5955 834.5607 813.1399 785.869 767.3043 758.4242 750.8464 738.1813 729.1987 724.98 719.4596 719.323 711.5091 705.81 702.908 700.3237 693.8737 684.1355 676.2936 672.7337 675.7863 671.8561 681.3079 686.2389 687.6747 686.9735 684.6816 670.2128 675.9957 673.6951 669.3427 669.3079 663.072 649.3434 655.0884 646.5376 633.7958 638.8354 638.5562 630.3817
811.8677 807.1102 804.5673 800.9341 790.284 774.2053 799.9109 828.4933 848.7668 870.597 881.2524 887.3174 893.4356 894.6176 892.2407 884.1772 874.6366 860.0706 854.4854 846.7618 848.8281 852.9086 841.116 832.0709 817.2696 791.4891 768.9344 755.5832 747.0443 748.4871 747.0125 745.1299 741.5652 734.508 728.9944 721.9753 718.6209 714.761 706.9816 704.1526 701.6481 708.4052 709.2006 708.317 711.5058 713.3776 721.4141 720.649 716.6484 709.652 697.8416 707.3396 703.2266 700.9806 702.3388 694.2017 679.638 684.0319 667.9539 665.1633 678.1882 680.365 663.8724
816.6778 816.3746 814.2708 805.5413 790.4028 801.8936 827.2483 850.1992 872.1848 893.8038 902.4722 901.2963 901.3287 894.6592 886.5952 874.0872 863.9404 856.3965 849.1944 833.9059 820.0862 819.4187 815.252 803.1596 782.1647 765.8347 772.7448 770.1658 769.869 770.5111 773.6893 771.0265 767.0302 762.2006 752.4166 739.8629 744.936 743.831 736.2552 735.7831 732.5643 745.2646 749.1603 744.9293 750.2618 751.8773 752.8878 750.4156 744.2464 731.5253 726.3628 740.7565 740.8906 736.2803 739.0262 725.3405 718.3244 717.3862 702.1138 699.3231 713.3135 713.0085 698.9575
857.85 855.7804 841.7462 815.9183 810.9138 824.9278 844.5151 863.5909 889.1966 911.0193 918.2515 915.55 911.162 904.7366 894.5887 887.5655 886.5727 881.3122 870.8586 853.1939 836.2084 814.8975 792.2287 794.1021 794.0792 798.6172 802.8406 805.2387 806.1742 803.6288 798.3312 801.8704 796.3225 789.6381 773.2925 760.1719 771.2445 776.8192 771.2449 770.7269 769.2072 771.5042 780.1533 779.6761 782.7439 786.0123 784.1772 780.7144 776.5991 768.2737 767.7907 773.6216 773.9052 768.7386 769.6538 753.6693 753.0995 749.7213 725.3273 733.7028 747.4656 749.2041 731.8034
881.9539 863.3795 834.3401 825.1414 835.4063 848.3726 868.6141 890.1144 910.8641 928.9231 932.0638 930.6912 926.716 921.135 912.4216 904.2505 894.7333 879.8267 863.2148 847.9484 828.1426 811.4092 813.3857 824.2435 831.468 836.7887 838.3659 839.6702 840.0211 837.4446 831.3688 825.908 819.6238 810.0817 790.3953 790.6102 794.7715 806.2209 808.5194 812.2828 811.6414 809.414 809.2024 812.2297 815.2822 816.1143 815.3271 813.8464 810.4878 802.8386 799.0092 802.2508 804.1918 802.1684 799.382 788.0159 784.7806 771.6342 756.7625 771.0364 782.2316 782.857 773.1313
866.863 853.4301 855.0423 842.6555 860.8998 877.3113 898.334 915.3206 932.306 943.3277 946.9115 943.8694 939.1064 928.7065 914.1428 898.3531 879.2709 856.0193 852.0568 843.6701 840.1296 841.458 840.9961 855.0048 869.156 873.6716 876.2851 878.0212 876.5838 868.1929 862.9372 857.7164 849.6598 835.0593 820.5429 815.391 822.1439 832.9644 841.3423 844.6026 845.4158 843.9669 843.7115 842.6732 842.3872 841.5222 836.5308 832.1677 820.6729 817.7878 819.0014 822.9946 832.345 832.289 820.9581 813.9308 809.4797 803.2946 797.4523 805.8092 808.5191 807.3751 801.0398
885.6161 891.3569 888.9131 872.4001 884.6938 902.9435 924.5337 938.9152 954.6473 960.8897 955.288 948.7687 941.2203 925.2493 906.6008 893.9941 892.1265 886.082 878.2834 867.6154 873.3119 876.3963 877.3049 884.5047 894.7433 904.9245 903.2562 900.6408 897.8122 890.6001 885.4882 881.8651 875.3934 862.8197 853.0041 846.4885 848.1156 852.9507 857.77 858.4697 856.7158 852.2584 849.7832 846.4476 842.5279 837.0337 829.2408 815.2615 791.5837 789.0827 795.6758 805.9041 809.7403 805.7662 804.0707 801.1337 797.262 799.6584 807.3598 799.4299 791.8276 791.6552 785.1357
927.1059 930.4603 914.6536 905.9392 920.3305 933.1041 943.8432 960.5563 968.3174 972.5203 965.9651 955.7114 947.1666 933.4948 932.1861 928.3708 924.2348 918.7648 911.4891 900.6219 903.6721 910.0558 911.1893 912.0062 917.9203 918.2991 917.913 914.3531 909.078 904.7048 900.2362 896.1683 891.2693 877.851 866.884 858.8051 855.8397 852.42 850.1853 847.4282 838.6844 830.0154 826.4573 824.5792 819.8856 813.2559 806.3993 790.4817 766.3275 750.5531 759.1973 774.0397 779.5877 772.9464 768.9364 766.9163 763.1125 773.5072 786.1323 784.9372 770.0356 757.3668 748.5059
967.4993 965.8849 946.6212 948.8978 943.7165 962.3611 969.0086 975.0393 984.6246 984.6136 977.1458 962.8318 953.6288 953.0143 951.0656 947.0741 942.509 937.1095 933.2255 930.6539 928.9247 928.1747 932.1646 931.3248 934.1154 937.6843 932.4109 926.985 913.4089 904.0638 896.8387 889.8662 878.4219 867.9673 856.7227 850.0066 845.1976 837.6606 831.3914 825.9023 809.6963 798.6671 790.0711 791.1414 791.1491 783.263 772.1516 762.1082 747.1677 725.9064 716.1862 732.61 747.1609 740.0471 725.7256 726.8784 719.9116 744.7205 758.0703 762.4349 748.5142 718.4297 709.4939
1002.135 991.7089 979.9969 982.6471 980.0399 976.9569 984.8025 990.6316 994.9642 994.4124 991.0358 984.0213 977.5497 970.0342 966.2484 963.0436 958.8439 956.2675 953.599 949.5923 949.8902 951.3229 954.0651 952.413 940.5992 926.9749 917.8818 910.0606 903.6647 892.9966 877.8489 866.0954 852.5735 842.147 829.8378 829.985 826.2224 817.7759 816.6386 812.3326 803.2584 774.6404 754.927 755.4673 755.0667 750.3016 740.5908 730.1561 716.1653 697.7722 686.7198 710.5952 715.7398 710.5303 692.7155 693.0967 699.7771 712.4598 719.3698 725.8861 724.0635 705.2959 676.1555
1012.978 1008.896 1005.384 1002.952 1001.912 1000.113 1001.547 1004.486 1004.045 1002.001 999.5897 997.1 994.9468 992.7975 990.7315 987.1289 981.8788 977.568 972.8246 970.7316 969.1024 965.0836 957.3073 941.1388 924.9319 913.9827 904.9481 892.1571 878.6185 871.826 855.699 834.9699 827.5566 813.5268 797.1198 803.2335 799.5838 780.3496 779.246 787.4139 797.417 779.6868 754.3607 720.5271 723.4913 722.7971 716.7371 702.1446 690.9822 678.6021 660.9172 681.6078 689.5875 683.3215 664.912 660.7982 668.6743 677.8388 685.2332 688.7875 689.5706 684.3376 662.5043
1031.964 1029.952 1025.034 1020.785 1017.52 1015.253 1013.847 1012.361 1010.254 1008.339 1005.898 1004.033 1002.105 1000.365 998.9782 995.5369 992.3329 988.0535 982.2883 978.0406 970.8932 959.6953 944.8865 927.403 913.5457 903.0405 887.1459 870.107 850.6257 843.6431 832.7549 812.7958 792.0345 778.9689 767.8433 772.6429 768.3164 749.0114 744.8766 759.4009 771.0507 774.4026 752.8924 727.7154 698.3571 686.8516 690.0836 682.811 667.5395 658.0372 646.5887 647.3624 662.3488 663.275 650.4416 634.4291 632.2326 636.9553 633.8615 639.7375 644.9763 653.6049 643.7183
1042.313 1040.603 1036.971 1031.421 1027.539 1023.892 1020.259 1017.338 1015.24 1012.943 1009.835 1007.31 1005.594 1004.262 1001.804 998.2673 993.9015 990.9333 979.986 971.2671 958.6128 941.8739 927.7042 917.7397 905.1695 883.8812 851.7933 835.5541 818.3622 802.79 802.321 791.7549 777.9264 755.65 746.7135 746.684 740.4413 725.2151 719.1037 735.9267 746.1382 749.8774 747.7581 733.3721 713.0007 691.8444 672.5193 650.1061 643.2831 642.0411 636.5344 623.7604 646.6818 648.3203 644.1663 625.6357 618.6951 620.9912 619.8269 620.0435 624.4254 618.5681 613.501
1038.805 1037.406 1034.629 1031.273 1028.889 1025.659 1021.789 1018.077 1015.077 1011.853 1009.366 1007.293 1005.818 1003.752 996.8945 990.983 976.2958 959.6588 948.175 943.6307 938.2433 925.3384 915.4992 905.037 886.169 862.7903 843.0706 831.3156 817.109 800.2101 770.6224 761.7219 759.3915 746.0481 729.2829 716.2849 715.2038 706.4215 694.835 715.7665 721.7653 725.7708 724.2926 716.1712 704.6986 692.4793 677.2734 661.5724 648.6644 625.3419 610.5744 609.9513 619.3782 627.8634 628.6064 619.3935 600.5871 599.285 609.7928 612.8907 606.6852 590.5086 579.5759
1011.388 1008.175 1009.963 1014.103 1017.359 1019.434 1018.062 1015.472 1010.882 1006.43 1004.518 1003.597 1001.054 986.692 963.0248 946.0804 939.1661 930.6611 911.9252 904.6735 906.5167 901.0972 884.3622 867.3835 861.7343 843.7382 825.5181 814.4664 803.7914 788.3389 766.2078 742.0828 733.144 730.3605 721.4702 706.0201 694.6887 688.7924 676.2984 688.7532 695.0033 697.7396 697.3964 692.0981 683.0597 670.3706 662.214 649.8595 641.4705 635.017 618.256 593.7158 590.9355 603.6278 608.9003 603.7579 588.0928 585.6287 584.5858 591.7946 574.7834 556.191 546.265
986.4204 982.8814 982.8974 985.9316 991.9032 996.7009 999.0923 996.7539 990.7322 989.2946 988.1296 986.4386 980.3654 960.789 929.6414 909.3923 888.8479 885.8544 880.7823 859.283 860.1382 858.7068 853.265 835.9636 821.402 817.8806 806.8265 783.9322 766.1993 752.1279 739.4529 727.0824 710.963 712.3372 709.2678 701.6687 692.5398 675.5375 667.424 659.1484 667.0493 670.5245 669.4511 664.859 658.9006 647.5475 638.2917 630.7561 623.8309 612.6581 601.438 586.3469 573.3674 580.1367 583.0922 578.8612 567.7164 559.9243 558.1669 552.756 543.1854 537.6868 528.4584
950.3107 949.5802 951.4836 958.8784 968.9071 971.3239 972.093 971.605 966.476 960.409 958.1608 959.6429 951.9099 930.1426 900.6545 870.9399 853.0923 838.7565 832.2149 819.0477 806.1806 806.7792 807.4293 804.1378 794.7765 777.0961 771.2234 755.0156 735.7377 728.2763 721.9847 712.7465 702.4116 686.2866 690.9962 689.6671 683.9323 671.2328 658.9524 650.7315 635.0762 644.0001 642.6198 636.7493 628.4087 613.7385 602.5054 595.5436 591.4393 578.2197 569.8077 562.9513 560.2235 562.7198 556.718 550.1483 544.862 542.2073 537.2655 525.5833 519.8821 514.7883 512.2921
915.1002 919.3661 918.8704 929.3458 940.1533 939.5057 937.5773 941.5319 938.1309 919.1956 918.3299 933.5247 915.4451 885.7761 864.085 836.374 817.1243 801.7587 790.2968 779.5311 772.0497 762.9413 757.4777 754.943 756.1021 746.0304 736.2701 728.6886 722.9724 716.358 710.4209 704.4044 698.8519 684.4155 667.7007 666.8346 665.0693 658.3909 648.1161 622.9339 619.3837 623.7375 621.9793 608.5958 600.3851 592.8291 584.0983 577.1796 569.6459 562.1216 555.6028 548.8474 548.7653 546.7972 544.4569 539.6591 534.9067 530.6268 523.9373 523.5044 523.7928 524.6761 524.0898
883.3538 887.6788 887.5419 901.4835 899.8059 895.8644 894.1039 898.2729 899.6114 889.603 869.6368 885.1423 885.8973 861.2209 834.4865 809.9513 789.2239 767.2776 758.8929 746.5026 739.4506 736.1653 727.5505 723.2626 722.1921 725.7998 724.4406 719.3761 714.4398 708.6536 701.0663 697.2363 692.6982 684.2892 665.8776 644.4732 649.1008 642.0859 630.6318 619.1158 608.3292 604.6953 598.3225 588.1356 583.2187 577.5774 571.6121 566.8172 560.9365 555.4907 549.781 549.246 546.8549 546.6513 545.9264 543.3378 538.5165 540.0938 541.6832 537.5012 549.8842 554.5636 560.8947
855.9733 856.515 863.8932 870.8638 870.0775 858.4437 856.0673 858.0087 861.8787 852.3861 829.86 848.9306 850.7219 834.3164 813.3395 789.0728 767.0834 746.431 735.2641 731.4951 727.6085 724.4454 719.39 710.4908 704.7632 707.3013 713.6988 717.1176 707.8192 699.2952 691.3737 686.2579 680.1437 665.8107 643.7794 632.8987 625.7853 619.8513 606.6588 597.9975 595.7215 591.6439 586.5524 582.0967 577.8604 572.4927 569.4738 569.5858 568.9166 571.2709 569.6058 567.334 568.4941 569.9963 569.8155 566.7398 573.3123 579.5817 581.3527 573.7032 570.4491 585.9691 590.7858
834.7119 831.9175 836.0353 837.6342 831.3169 823.3944 821.5229 816.1834 824.9324 817.1522 806.4581 817.6324 819.489 811.2174 794.1951 764.8775 743.5993 730.5044 722.8201 720.0894 718.5466 718.5976 713.4707 703.004 694.474 692.247 694.696 695.1794 688.5712 684.5534 676.8219 666.8373 656.3854 639.8421 626.3599 617.2733 609.3527 607.5196 600.7473 595.511 591.5685 586.2295 583.9001 588.1148 593.2144 596.2496 599.278 601.1206 596.9753 605.8565 609.8508 614.1968 613.2163 616.3111 617.0378 610.5058 614.5475 614.6359 612.4651 600.7973 586.1183 600.8505 612.1701
817.5233 809.857 812.4747 812.0167 807.8638 807.6134 791.4861 798.7556 800.0706 792.5757 778.4191 790.8781 786.7594 780.2051 769.4913 757.1877 742.3718 726.2838 709.9484 704.482 702.6455 700.8563 696.1875 691.3876 689.1135 686.5776 681.1939 677.2192 673.6052 668.8569 662.5109 649.0464 638.4124 627.3538 618.1453 610.6376 606.6322 603.0262 603.524 609.0656 616.1146 618.3094 620.6882 623.7693 630.6683 637.8477 643.5772 645.8024 637.3943 634.9847 646.9296 653.3315 660.8904 658.4968 656.2827 645.494 649.2587 650.0648 646.1791 628.5541 614.6006 615.9857 630.8696
797.7937 797.6854 779.4833 783.6199 779.0953 779.5067 773.3646 762.6508 768.8849 765.3796 756.1859 757.5474 753.2393 748.3127 744.034 737.8284 729.0359 715.4385 701.1289 696.67 693.8237 690.0085 686.5928 685.302 685.0537 682.9984 673.7666 668.4218 661.7944 655.539 646.8132 633.0596 624.4048 619.8348 614.9412 612.2753 623.1164 628.7745 634.6942 640.1326 650.4179 650.6403 660.3295 663.5514 663.7651 678.5814 683.2413 682.2036 674.8698 661.2243 680.9263 690.6938 698.1368 698.14 692.9931 686.8312 691.3395 689.4862 676.1841 654.6633 635.6229 637.1659 651.8087
779.9593 774.5555 766.3255 756.6783 755.2952 745.4855 744.1251 738.0474 738.4689 735.9089 735.5305 727.2494 729.1719 716.8431 706.707 703.2465 698.1547 691.8059 683.2584 681.5456 679.5599 678.4067 677.5951 676.855 676.1998 673.7785 669.5385 664.2291 661.3952 658.1891 644.8829 630.1153 623.8424 624.1221 641.6342 652.7723 661.4875 673.501 678.7342 681.3687 683.7156 695.1804 701.6754 698.5867 691.8706 712.3353 722.3261 720.9575 706.3442 692.1656 713.3506 726.1324 736.29 737.8187 731.5703 730.9579 728.9683 719.3602 692.7281 675.6787 658.3589 663.1299 674.4712
753.3537 746.5545 743.1482 740.6826 736.7405 729.615 726.0283 721.4773 718.6932 716.4168 709.1113 706.2434 704.5587 696.5009 693.2922 689.2041 683.8781 679.2959 675.6608 671.819 669.8441 670.2036 670.9224 659.0566 659.6964 661.6833 658.5981 649.9872 644.8318 636.6539 637.5972 647.2448 659.8431 672.2501 684.8602 691.9255 699.1924 706.7526 716.946 721.2507 722.6224 726.5909 742.445 741.7075 734.8799 745.7853 763.2542 758.0717 745.9932 733.9579 747.9185 760.8478 775.4718 790.2078 779.0298 774.6077 758.1827 728.1789 718.7604 704.2996 683.1955 692.421 698.8702
